No. distinct defs	Total	bash	bc	bison	cvs	emacs	flex	fvwm	gawk	gcc	genscript	ghostview	gnuchess	gnuplot	gs	gzip	m4	mosaic	perl	plan	rasmol	rcs	remind	workman	xfig	zephyr	zsh	
1	91.128	82.055	86.111	90.789	86.811	81.620	95.436	93.347	83.127	91.712	98.131	84.946	92.683	95.490	91.825	77.007	82.274	93.025	93.655	91.892	96.034	75.094	96.286	99.187	97.235	92.992	93.564	
2	98.598	97.879	98.889	98.684	95.659	96.937	99.170	98.545	98.263	98.674	99.065	100.000	99.024	99.118	99.060	97.445	97.659	98.865	98.580	99.263	98.793	94.340	99.469	100.000	99.885	99.191	99.046	
3	99.549	99.347	99.444	98.684	98.664	98.707	99.585	99.584	99.504	99.420	99.065	100.000	100.000	99.608	99.734	99.270	98.662	99.757	99.590	100.000	100.000	98.491	100.000	100.000	100.000	99.596	100.000	
4	99.809	99.674	99.444	100.000	99.332	99.592	99.585	99.792	100.000	99.793	100.000	100.000	100.000	100.000	99.837	99.270	99.331	99.919	99.905	100.000	100.000	98.491	100.000	100.000	100.000	99.730	100.000	
5	99.904	100.000	100.000	100.000	99.332	99.864	100.000	100.000	100.000	99.959	100.000	100.000	100.000	100.000	99.898	99.635	99.331	100.000	99.937	100.000	100.000	98.491	100.000	100.000	100.000	100.000	100.000	
6	99.936	100.000	100.000	100.000	99.499	99.932	100.000	100.000	100.000	100.000	100.000	100.000	100.000	100.000	99.918	99.635	99.666	100.000	100.000	100.000	100.000	98.491	100.000	100.000	100.000	100.000	100.000	
7	99.954	100.000	100.000	100.000	99.666	100.000	100.000	100.000	100.000	100.000	100.000	100.000	100.000	100.000	99.959	99.635	99.666	100.000	100.000	100.000	100.000	98.491	100.000	100.000	100.000	100.000	100.000	
8	99.959	100.000	100.000	100.000	99.666	100.000	100.000	100.000	100.000	100.000	100.000	100.000	100.000	100.000	99.959	99.635	99.666	100.000	100.000	100.000	100.000	98.868	100.000	100.000	100.000	100.000	100.000	
9	99.959	100.000	100.000	100.000	99.666	100.000	100.000	100.000	100.000	100.000	100.000	100.000	100.000	100.000	99.959	99.635	99.666	100.000	100.000	100.000	100.000	98.868	100.000	100.000	100.000	100.000	100.000	
10	99.973	100.000	100.000	100.000	99.833	100.000	100.000	100.000	100.000	100.000	100.000	100.000	100.000	100.000	99.980	100.000	99.666	100.000	100.000	100.000	100.000	98.868	100.000	100.000	100.000	100.000	100.000	
11	99.977	100.000	100.000	100.000	99.833	100.000	100.000	100.000	100.000	100.000	100.000	100.000	100.000	100.000	99.980	100.000	99.666	100.000	100.000	100.000	100.000	99.245	100.000	100.000	100.000	100.000	100.000	
12	99.982	100.000	100.000	100.000	99.833	100.000	100.000	100.000	100.000	100.000	100.000	100.000	100.000	100.000	99.980	100.000	100.000	100.000	100.000	100.000	100.000	99.245	100.000	100.000	100.000	100.000	100.000	
13	99.986	100.000	100.000	100.000	100.000	100.000	100.000	100.000	100.000	100.000	100.000	100.000	100.000	100.000	99.980	100.000	100.000	100.000	100.000	100.000	100.000	99.245	100.000	100.000	100.000	100.000	100.000	
14	99.986	100.000	100.000	100.000	100.000	100.000	100.000	100.000	100.000	100.000	100.000	100.000	100.000	100.000	99.980	100.000	100.000	100.000	100.000	100.000	100.000	99.245	100.000	100.000	100.000	100.000	100.000	
15	99.986	100.000	100.000	100.000	100.000	100.000	100.000	100.000	100.000	100.000	100.000	100.000	100.000	100.000	99.980	100.000	100.000	100.000	100.000	100.000	100.000	99.245	100.000	100.000	100.000	100.000	100.000	
16	99.986	100.000	100.000	100.000	100.000	100.000	100.000	100.000	100.000	100.000	100.000	100.000	100.000	100.000	99.980	100.000	100.000	100.000	100.000	100.000	100.000	99.245	100.000	100.000	100.000	100.000	100.000	
17	99.986	100.000	100.000	100.000	100.000	100.000	100.000	100.000	100.000	100.000	100.000	100.000	100.000	100.000	99.980	100.000	100.000	100.000	100.000	100.000	100.000	99.245	100.000	100.000	100.000	100.000	100.000	
18	99.991	100.000	100.000	100.000	100.000	100.000	100.000	100.000	100.000	100.000	100.000	100.000	100.000	100.000	99.980	100.000	100.000	100.000	100.000	100.000	100.000	99.623	100.000	100.000	100.000	100.000	100.000	
19	99.991	100.000	100.000	100.000	100.000	100.000	100.000	100.000	100.000	100.000	100.000	100.000	100.000	100.000	99.980	100.000	100.000	100.000	100.000	100.000	100.000	99.623	100.000	100.000	100.000	100.000	100.000	
20	99.991	100.000	100.000	100.000	100.000	100.000	100.000	100.000	100.000	100.000	100.000	100.000	100.000	100.000	99.980	100.000	100.000	100.000	100.000	100.000	100.000	99.623	100.000	100.000	100.000	100.000	100.000	
Total	21968	613	180	76	599	1469	241	481	403	2413	107	93	205	1020	4893	274	299	1233	3168	407	580	265	377	123	868	742	839	
