package	other	line	conditional	include	undef	define	total
Mean	0.004	0.270	4.031	1.259	0.133	2.688	8.385
genscript	0.000	0.000	1.456	0.878	0.000	1.405	3.739
workman	0.000	0.000	0.957	2.236	0.020	1.320	4.533
xfig	0.000	0.000	0.761	1.929	0.002	2.184	4.877
bison	0.000	0.000	2.259	1.529	0.000	1.143	4.931
gcc	0.002	0.610	2.761	0.451	0.063	1.421	5.308
ghostview	0.000	0.000	2.374	1.723	0.034	1.210	5.341
zsh	0.000	0.000	2.805	0.342	0.072	2.479	5.697
mosaic	0.000	0.000	3.174	1.344	0.065	2.535	7.119
fvwm	0.000	0.000	2.396	2.878	0.037	1.885	7.196
cvs	0.000	0.109	4.601	0.784	0.059	1.864	7.417
rasmol	0.011	0.000	3.861	0.953	0.011	3.519	8.355
plan	0.012	0.552	3.175	2.791	0.029	2.017	8.576
flex	0.094	2.320	3.531	0.357	0.019	2.714	9.035
m4	0.011	0.000	4.539	0.724	0.160	3.729	9.163
rcs	0.000	0.000	5.934	0.462	0.074	2.720	9.189
emacs	0.001	0.000	6.110	1.037	0.167	2.148	9.462
gawk	0.013	1.029	4.852	0.588	0.094	3.268	9.844
gnuplot	0.000	0.000	5.620	0.909	0.063	3.729	10.322
gs	0.002	0.000	2.906	2.509	0.505	4.476	10.398
gnuchess	0.000	0.000	8.083	0.974	0.064	1.939	11.060
bash	0.005	0.525	6.859	1.716	0.136	2.149	11.390
zephyr	0.000	0.000	6.161	2.659	0.082	3.084	11.986
bc	0.037	1.645	5.893	1.283	0.100	3.040	11.999
perl	0.010	0.463	6.695	0.480	0.098	5.795	13.541
remind	0.027	0.000	12.764	2.138	0.072	3.644	18.645
gzip	0.000	0.000	11.782	1.793	0.444	8.330	22.349
