No. uses	Total	bash	bc	bison	cvs	emacs	flex	fvwm	gawk	gcc	genscript	ghostview	gnuchess	gnuplot	gs	gzip	m4	mosaic	perl	plan	rasmol	rcs	remind	workman	xfig	zephyr	zsh	
0	10.024	5.220	13.333	6.579	9.516	10.688	9.129	4.782	6.700	12.847	2.804	5.376	4.390	21.667	7.705	2.555	11.037	27.251	5.366	16.708	6.552	1.887	10.080	60.163	4.493	13.073	2.980	
1	31.728	29.690	40.556	15.789	30.718	37.100	33.610	27.235	29.529	28.015	23.364	37.634	26.341	51.863	29.287	32.117	30.100	53.447	17.551	35.135	29.483	24.906	36.870	74.797	45.046	42.183	21.812	
2	49.649	51.223	58.889	38.158	48.915	48.536	63.071	42.620	43.176	42.810	42.056	52.688	43.415	69.510	47.905	52.920	44.482	68.532	38.194	56.020	56.724	44.528	54.642	82.927	59.332	62.938	42.193	
4	68.299	69.168	74.444	65.789	65.609	62.287	75.934	62.994	59.801	58.268	60.748	74.194	56.585	84.706	68.424	70.803	64.883	80.941	66.383	69.779	77.241	63.774	71.883	86.992	72.120	79.245	60.906	
8	81.336	85.155	86.111	80.263	80.134	74.949	85.062	79.210	77.419	72.275	76.636	82.796	69.756	92.941	82.117	87.956	80.936	89.294	79.419	82.801	88.793	76.981	84.350	91.870	82.719	88.544	80.691	
16	90.099	92.822	91.111	89.474	91.319	86.794	90.041	92.931	90.323	81.973	86.916	89.247	82.927	95.882	90.660	94.526	93.645	94.566	88.289	93.612	94.655	90.943	91.512	96.748	91.935	95.013	91.061	
32	94.906	97.390	93.333	94.737	95.826	92.988	95.021	97.297	95.533	89.308	93.458	97.849	91.220	97.647	95.238	98.175	95.987	97.161	93.876	98.280	97.414	96.604	96.021	97.561	95.968	97.574	96.901	
64	97.433	98.369	99.444	96.053	97.830	96.120	97.925	98.753	98.015	93.908	96.262	98.925	95.610	98.627	97.568	99.270	98.662	98.865	97.159	98.771	98.793	97.736	97.613	99.187	98.387	98.922	99.166	
128	98.707	99.184	100.000	100.000	99.165	97.686	98.340	99.584	99.256	96.436	98.131	100.000	97.073	99.216	99.121	99.635	99.331	99.432	98.611	99.263	99.483	98.491	98.408	100.000	99.194	99.326	99.523	
256	99.395	99.347	100.000	100.000	99.499	99.047	100.000	99.792	99.504	98.011	99.065	100.000	100.000	99.608	99.673	100.000	100.000	99.838	99.463	99.263	99.483	99.245	99.204	100.000	99.539	99.461	99.762	
512	99.754	99.511	100.000	100.000	99.666	99.523	100.000	99.792	100.000	99.047	100.000	100.000	100.000	99.902	99.877	100.000	100.000	99.919	99.811	100.000	99.828	100.000	100.000	100.000	99.885	99.865	99.881	
Total	21968	613	180	76	599	1469	241	481	403	2413	107	93	205	1020	4893	274	299	1233	3168	407	580	265	377	123	868	742	839	
