   0	bash	bc	bison	cvs	flex	fvwm	gawk	gcc	genscript	ghostview	gnuchess	gnuplot	gs	gzip	m4	mosaic	perl	plan	rasmol	rcs	remind	workman	xfig	zephyr	zsh
   0	21742	5543	5666	19680	7874	23937	8569	143012	5416	5784	6723	12757	69689	2373	4460	34580	23727	15095	11590	7371	5435	5509	31616	15921	26298
   1	2990	1039	564	1601	1444	2371	2166	17886	659	958	2852	8405	8345	556	1325	6970	4209	2414	2762	757	1021	2504	3067	4504	3746
   2	564	483	143	1354	441	1323	1100	4430	125	324	1310	1823	3675	236	986	1932	3736	2223	929	1210	332	579	1114	1563	2369
   3	1140	268	24	334	252	1160	375	20036	234	166	578	707	4376	125	181	942	4805	315	874	729	423	146	690	1281	804
   4	333	38	57	654	28	197	287	8942	472	15	346	268	4260	47	140	355	4676	76	414	460	2211	9	242	471	204
   5	117	87	55	6369	109	163	187	5319	101	28	120	356	2105	50	42	273	4471	110	868	355	588	3	134	147	291
   6	40	116	6	2373	119	157	75	8237	35	47	48	380	941	6	116	227	2376	75	117	158	295	0	218	45	160
   7	117	89	30	821	87	137	118	3638	6	113	54	573	1029	111	78	423	2813	28	67	99	84	5	53	10	63
   8	5	30	6	471	9	13	31	1758	23	217	49	536	1311	14	30	471	1511	6	12	30	158	0	31	8	88
   9	0	29	0	189	8	1	9	1486	0	99	41	932	1144	18	20	728	866	3	11	29	149	0	564	91	27
  10	1581	1	0	260	1	0	106	3523	0	122	104	588	1631	88	7	105	626	12	1	38	9	81	182	38	12
  11	2547	8	0	206	8	0	24	1070	0	77	53	424	2797	297	38	23	1018	0	1	12	7	5	25	435	6
  12	607	0	0	264	1	1	18	447	0	17	11	375	670	122	7	25	700	0	22	3	3	0	2	116	2
  13	584	0	0	159	2	35	12	2479	0	4	4	500	662	97	3	47	411	0	2	10	28	1	174	42	74
  14	1004	0	0	65	0	879	16	1428	0	21	1	168	616	83	5	23	594	0	1	2	18	11	8	12	83
  15	744	0	0	58	0	193	11	579	0	3	0	119	393	63	9	88	214	0	0	18	4	7	2	16	53
  16	128	0	0	27	0	346	11	320	0	28	0	58	427	80	7	33	269	0	0	5	23	0	15	33	8
  17	473	0	0	50	9	66	3	726	0	0	0	16	522	69	2	142	263	0	0	9	1	0	19	6	6
  18	272	10	0	19	0	34	9	417	0	0	4	195	436	35	12	20	175	0	0	6	16	0	13	32	0
  19	134	1	0	30	30	30	4	375	0	2	4	54	250	38	27	3	166	0	0	9	17	5	3	17	0
  20	178	1	0	47	4	13	6	105	0	6	19	54	246	28	7	30	74	0	0	9	1	56	10	7	1
  21	113	11	0	22	0	4	19	241	0	1	0	123	395	5	4	6	143	0	1	4	1	0	0	4	4
  22	76	0	0	46	0	4	2	347	0	0	3	58	163	58	1	162	158	0	4	1	2	0	1	8	2
  23	58	0	0	15	0	1	0	361	0	0	35	2	174	15	0	60	29	0	0	1	0	0	3	6	0
  24	8	1	0	66	0	1	8	302	0	0	14	2	122	16	2	63	97	0	0	0	0	0	7	2	0
  25	42	0	0	47	0	3	0	472	0	8	8	2	136	12	3	19	93	0	0	0	0	0	0	0	1
  26	31	0	0	26	0	0	5	57	0	0	0	6	519	1	0	29	22	0	0	0	0	0	0	0	0
  27	15	6	0	10	0	0	5	17	0	0	0	0	77	0	0	11	35	0	0	0	0	0	0	15	0
  28	0	0	0	45	0	0	0	19	0	0	0	4	154	6	0	61	19	0	0	0	0	0	0	48	0
  29	5	0	0	7	0	0	0	43	0	0	0	0	1165	0	0	0	33	0	0	0	0	10	0	8	30
  30	0	0	0	3	0	0	0	9	0	0	0	0	624	0	1	3	38	0	0	0	0	5	0	142	4
  31	93	4	0	1	0	0	0	39	0	0	0	0	319	0	0	1	76	0	0	0	0	112	0	16	1
  32	4	0	0	3	0	0	0	33	0	0	0	0	462	0	0	1	27	0	0	0	0	1	0	21	19
  33	10	0	0	12	0	0	0	27	0	0	0	0	245	3	0	4	31	0	0	0	0	4	0	60	3
  34	19	0	0	8	0	0	5	33	0	0	0	3	528	2	0	2	42	0	0	0	0	0	0	15	0
  35	19	0	0	2	0	0	0	0	0	29	0	0	99	0	0	27	66	0	0	0	0	0	0	173	0
  36	2	0	0	5	0	0	0	2	0	24	0	0	128	1	0	715	58	0	0	0	0	1	0	60	0
  37	1	0	0	9	0	0	0	2	0	1	0	0	172	0	0	163	23	0	0	0	0	14	0	14	5
  38	1	0	0	2	0	0	0	63	0	0	0	0	2805	1	0	283	25	0	0	0	0	0	0	4	0
  39	0	0	0	0	0	0	0	25	0	0	0	0	296	0	0	393	32	0	0	0	0	10	0	0	0
  40	2	0	0	0	0	0	0	5	0	0	0	0	264	0	0	131	93	0	0	0	0	3	0	0	0
  41	1	0	0	0	0	0	0	0	0	0	0	0	319	0	0	20	10	0	0	0	0	1	0	0	0
  42	15	0	0	0	0	0	0	3	0	0	0	0	176	0	0	12	3	0	0	0	0	1	0	0	0
  43	26	0	0	0	0	0	0	1	0	0	0	0	288	0	0	69	6	0	0	0	0	0	0	0	0
  44	46	0	0	1	0	0	0	0	0	0	0	0	274	0	0	13	3	0	0	365	0	0	0	1	0
  45	27	0	0	1	0	0	0	1	0	0	0	0	194	0	0	4	4	23	0	116	0	0	0	0	0
  46	24	0	0	1	34	0	0	2	0	0	0	0	278	0	0	1	0	473	0	96	0	0	0	0	0
  47	8	0	0	0	10	0	0	0	0	0	0	0	143	0	0	21	0	27	0	7	0	0	0	0	0
  48	5	0	0	1	3	0	0	0	0	0	0	0	201	0	0	3	0	46	0	12	0	14	0	0	0
  49	1	19	0	0	0	0	0	0	0	0	0	0	60	0	0	0	4	1376	0	9	0	1	0	0	0
  50	2	11	0	0	7	0	0	0	0	0	0	0	38	0	0	1	18	69	0	4	0	9	0	0	0
  51	3	2	0	0	13	0	0	0	0	0	0	0	20	0	0	6	9	564	0	9	0	0	0	0	0
  52	3	1	0	0	0	0	0	0	0	0	2	0	90	0	491	1	0	220	0	6	0	0	0	0	0
  53	1	0	0	0	0	0	0	0	0	0	1	0	95	0	107	0	0	79	0	6	0	0	0	0	0
  54	10	0	0	0	2	0	0	0	0	0	0	0	112	0	31	1	0	56	0	6	0	0	0	0	0
  55	2	0	0	0	0	0	0	0	0	0	0	0	56	0	6	4	0	334	0	21	0	0	0	0	0
  56	0	0	0	0	1	0	0	0	0	0	0	0	48	0	4	3	0	18	0	9	0	0	0	0	0
  57	2	0	0	0	0	0	0	0	0	0	0	0	86	0	9	0	0	37	0	7	0	0	0	0	0
  58	0	0	0	0	0	0	0	0	0	0	0	0	46	0	22	13	0	0	0	1	2	0	0	0	0
  59	0	0	0	0	0	0	0	0	0	0	0	0	49	0	4	1	0	18	0	13	44	0	0	0	0
  60	0	0	0	0	14	0	0	0	0	0	0	0	7	0	10	0	0	0	0	22	1	0	0	0	0
  61	0	0	0	0	1	0	0	0	0	0	0	0	6	0	26	0	0	0	0	0	26	0	0	0	0
  62	0	0	343	0	1	0	0	0	0	0	0	0	4	0	16	0	0	0	0	14	1	0	0	0	0
  63	0	97	63	0		0	0	0	313	0	0	0	1	0	8	37	0	0	0	2	0	0	0	0	0
  64	0	6	10	0		0	0	0	102	0	0	0	2	0	4	1	0	0	0	2	0	0	0	0	0
  65	0	2	9	0		0	0	0	103	0	0	0	2	0	0	23	0	0	0	1	0	0	0	0	0
  66	0	0	0	0		0	0	0	9	0	0	0	5	0	0	269	0	0	0	22	0	0	0	0	0
  67	0	0	0	0		0	0	0	2	0	0	0	5	0	0	175	0	0	0	14	1	0	0	0	0
  68	0	0	0	0		0	0	0	2	0	0	0	4	0	0	165	0	0	0	0	0	0	0	0	0
  69	0	0	0	0		0	393	0	0	0	0	0	1	0	8	25	0	0	0	0	2	0	0	0	0
  70	0	0	0	0		0	88	0	0	0	48	0	0	0	0	33	0	0	0	8	70	0	0	0	0
  71	0	0	0	0		0	34	0	1	0	14	0	0	0	0	461	0	0	0	4	11	0	0	0	0
  72	0	0	0	0		0	29	0	15	0	23	0	0	0	0	54	0	0	0	0	4	0	0	0	0
  73	0	0	181	0		0	30	0	4	0	8	0	1	0	0	94	0	0	0	5	55	0	0	0	0
  74	0	0	5	0		0	18	0	3	0	3	0	3	0	0	66	0	0	0	0	2	0	0	0	0
  75	0	0	63	0		0	23	0	0	0	0	0	1	0	160	128	0	0	0	2	5	0	0	0	0
  76	0	0	20	0		0	37	0	143	0	1	0	1	0	75	233	0	0	0	11	0	0	0	0	0
  77	0	0	2	0		0	23	0	66	0	1	0	1	283	25	72	0	0	0	0	1	0	0	0	0
  78	0	0		0		0	40	0	0	0		0	0	78	1	13	0	0	4	2	0	0	0	0	0
  79	0	0		0		0	36	0	1	0		0	0	22	10	4	0	0	1	13	0	0	0	0	0
  80	0	0		0		0	8	0	0	0		8	1	8	46	2	0	0	13	0	0	0	0	0	0
  81	0	12		0		0	1	0	1	0		20	0	0	22	1	0	0	0	0	1	0	0	0	0
  82	0			0		0	6	0	6	0		2	7	0	25	1	0	0	2	0	0	0	0	0	0
  83	0			0		0	39	0	0	0		14	0	0	28	1	0	0	0	0	0	0	0	0	0
  84	0			0		0	16	0	4	0		39	1	0	6	0	0	0	0	0	0	0	0	0	0
  85	0			0		0	2	0	0	0		57	7	0	5	0	0	0	0	0	0	0	0	0	0
  86	0			0		0	15	0	5	0		10	0	6	29	0	0	0	0	0	0	0	0	0	0
  87	0			0		0	337	0	0	0		7	0	1	7	0	0	0	0	0	0	0	0	0	0
  88	0			0		0	45	0	0	0		0	0	0	9	0	0	0	29	0	0	0	0	0	0
  89	0			0		0	24	0	0	0		0	0	3	21	0	0	0	0	0	0	0	0	0	0
  90	0			0		0	32	0	0	0		0	0	44	5	0	0	0	6	0	2	0	0	0	0
  91	0			0		0	15	0	6	0		0	0	10	5	3	0	0	0	0	0	0	0	0	0
  92	0			0		0	20	0		0		2	0	4	1	0	0	0	0	0	0	0	0	0	0
  93	0			0		0	35	0		0		1	0	8	2	0	0	0	0	0	0	0	0	0	0
  94	0			0		0	2	0		0		0	0	6	1	2	0	0	0	0	0	0	0	0	0
  95	0			0		0	9	0		0		1	0	7	0	0	0	0	0	0	0	0	0	0	0
  96	0			0		0	0	0		0		2	0		0	0	0	0	2	0	0	0	0	0	0
  97	0			0		0	1	0		0		3	0		0	0	0	0	0	0	0	0	0	0	0
  98	0			0		0	5	0		0		1	0		0	0	0	0	53	0	0	0	0	0	0
  99	0			0		0	5	0		0		0	0		0	8	0	0	4	0	0	0	0	0	0
 100	0			0		0	1	0		0		325	0		1	36	0	0	0	0	0	0	0	0	0
 101	0			0		0	0	0		0		60	0		7	3	0	0	2	0	0	0	0	0	0
 102	0			0		0	0	0		46		23	0		0	2	0	0	0	0	0	0	0	0	65
 103	0			0		0	0	0		43		13	0		0	19	0	0	0	0	0	0	0	0	155
 104	0			0		0	0	0		4		3	0		0	4	0	0	0	0	0	0	0	0	78
 105	0			0		0	0	0		13		1	0		0	15	0	0	0	0	0	0	0	0	56
 106	0			0		0	0	457		1		0	0		0	30	0	0	0	0	0	0	0	0	76
 107	0			0		0	1	243		0		0	0		0	8	0	0	1	0	0	0	0	0	5
 108	0			0		0	2	136		8		0	0		0	11	0	0	0	0	0	0	0	0	27
 109	0			0		0	0	427		0		1	0		0	0	0	0	0	0	0	0	0	0	66
 110	0			0		0	0	139		9		0	0		0	1	0	0	1	0	0	0	0	0	38
 111	0			0		0	0	35		0		0	1		0	0	0	0		0	0	0	0	0	5
 112	0			0		0	0	83		1		58	1		0	0	0	0		0	0	0	0	0	33
 113	0			0		23	0	52		0			0		0	0	0	0		0	0	0	0	0	62
 114	0			0		17	0	14		1			0		0	0	0	0		0	0	0	0	0	2
 115	0			0		229	0	63		1			0		0	0	0	0		0	0	0	0	0	2
 116	0			0		73	0	8		0			0		0	0	0	0		0	0	0	36	0	0
 117	0			0		7	0	2		187			0		0	0	0	0		0	0	0	11	0	0
 118	0			0		2	0	13		12			0		0	0	0	0		0	0	0	105	0	0
 119	0			0		4	0	0		37			0		0	0	0	0		1	0	0	30	0	0
 120	0			307		0	0	7		3			0		0	0	0	0			0	7	14	0	0
 121	0			803		15	0	7		0			0		0	0	0	0			0	1	6	0	0
 122	0			171		0	0	37		17			0		0	0	0	0			0	0	8	0	0
 123	0			115		0	0	0		1			0		0	0	0	0			0	0	28	0	678
 124	0			65		3	0	406		9			0		0	0	0	0			0	0	2	0	179
 125	0			16		0	0	80		1			0		0	0	0	0			0	0	11	0	78
 126	0			3		22	0	2293		0			0		0	0	0	0			0	0	22	0	24
 127	0			5		19	0	388		22			0		0	0	0	0			0	0	22	0	9
 128	0			13		890	0	147		20			0		0	0	0	0			1	0	3	0	3
 129	0			43		72	0	105		1			0		0	0	0	0				520	3	0	27
 130	0			148		2	0	56		2			0		0	0	0	0				173	0	0	13
 131	0			18		0	0	12		0			0		0	0	0	0				25	0	0	12
 132	0			6		1	0	18		8			0		0	0	0	0				14	5	0	10
 133	0			1		0	0	3		3			0		0	0	0	0				62	389	0	24
 134	0			0		3	0	36					0		1	0	0	0					431	0	52
 135	0			8		3	0	0					0		2	0	10	0					46	0	13
 136	0			0		0	0	0					0			0	155	0					0	0	2
 137	0			6		0	0	2					0			0	64	0					83	0	7
 138	0			4		0	0	1					0			0	111	0					1296	0	3
 139	0			1855		0	0	1					0			0	80	0					69	0	
 140	0			98		0	0	1					0			0	109	0					43	0	
 141	0			15		0	5	3					0			0	76	0					10	0	
 142	0			8		0		0					0			0	150	0					0	0	
 143	0			6		2		0					0			0	55	0					4	0	
 144	0			2		2		0					0			0	48	0					3	0	
 145	0			5		0		0					0			0	145	0					37	0	
 146	0			7		0		0					0			0	48	0					1	0	
 147	0			28		0		0					0			0	13	0					2	0	
 148	0			2		0		0					0			0	56	0					0	0	
 149	0			3		2		0					0			0	17	0					12	0	
 150	318			0		2		0					0			0	1	0					0	0	
 151	143			2		0		0					0			0	2	0					0	0	
 152	225			0		0		0					0			0	3	0					0	0	
 153	159			0		19		0					0			0	2	0					0	0	
 154	23			0				0					0			0	1	0					2	0	
 155	11			0				0					0			0	7	0					1	0	
 156	14			0				0					0			0	4	0					0	0	
 157	8			0				0					0			0	0	0					0	0	
 158	1			0				0					0			0	1	0					2	0	
 159	31			0				73					0			0	4	0					1	0	
 160	20			5				6					0			0	0	0					0	0	
 161	10			4				2					0			0	1	0					0	0	
 162	7			0				6					0			0	1	0					0	0	
 163	17			4				2					0			0	4	0					0	0	
 164	5			2				0					0			0	5	0					0	0	
 165	0			4				0					0			0	8	0					0	0	
 166	0			6				7					29			0	0	0					0	0	
 167	0			5				2					245			0	5	0					0	0	
 168	0			0				0					74			0	0	0					0	0	
 169	0			0				0					120			0	0	0					0	654	
 170	1			0				1					66			0	1	0					0	406	
 171	0			0				13					27			0	0	0					0	252	
 172	1			0									14			0	3	0					0	277	
 173	0			0									13			0	8	66					0	130	
 174	2			0									8			0	0	88					0	69	
 175	0			0									13			0	75	51					0	51	
 176	0			0									45			0	40	42					0	29	
 177	0			3									17			0	107	27					0	10	
 178	0			2									81			0	48	13					0	0	
 179	0			0									16			0	56	2					0	8	
 180	703			1									16			0	57	5					0	2	
 181	68												14			0	56	1					0	1	
 182	64												41			0	28	1					0	1	
 183	34												29			0	22	0					0	1	
 184	18												18			0	15	0					0	0	
 185	2												685			0	9	12					0	0	
 186	0												123			0	23	7					0	0	
 187	0												81			0	12	144					0	0	
 188	0												68			0	22	35					0	0	
 189	15												77			0	13	1					0	0	
 190	0												49			0	1	0					0	0	
 191	0												158			0	0	21					0	0	
 192	13												795			0	14	1					0	0	
 193	23												43			0	3	0					2	0	
 194	9												22			0	2	1						448	
 195	10												62			0	1	0						107	
 196	0												168			0	1	0						15	
 197	0												69			0	0	0						35	
 198	3												113			0	0	0						8	
 199	0												63			0	0	0						0	
 200	3												28			0	0	0						2	
 201	0												105			0	0	0						1	
 202	0												28			0	0	0						31	
 203	0												7			0	0	0						0	
 204	0												172			0	0	0						0	
 205	0												20			0	27	0						21	
 206	0												78			0	2	0						6	
 207	0												32			0	0	0						1	
 208	0												23			0	0	0						2	
 209	0												22			0	0	9						5	
 210	0												35			0	0	0						3	
 211	0												53			0	0	0						8	
 212	0												47			0	0	0						7	
 213	0												33			0	0	0						6	
 214	0												16			0	0	0						2	
 215	0												8			0	0	10						0	
 216	0												5			0	0	0						0	
 217	0												15			0	0	0						0	
 218	0												1			0	0	0						0	
 219	0												2			0	0	0						0	
 220	0												2			0	0	0						0	
 221	0												39			0	0	0						0	
 222	0												18			0	0	3						6	
 223	0												5			0	0							0	
 224	0												9			0	0							0	
 225	0												5			0	0							0	
 226	0												4			0	0							0	
 227	0												2			0	0							0	
 228	0												0			0	0							0	
 229	0												2			0	0							0	
 230	0												0			0	0							0	
 231	0												1			0	0							0	
 232	0												3			0	0							0	
 233	0												4			0	0							0	
 234	0															0	0							0	
 235	0															0	0							0	
 236	0															62	0							0	
 237	0															364	0							0	
 238	0															74	0							0	
 239	0															29	0							0	
 240	0															17	0							0	
 241	0															76	0							0	
 242	0															11	0							0	
 243	0															12	0							0	
 244	0															5	0							0	
 245	0															0	1							0	
 246	11															5								0	
 247																0								0	
 248																1								2	
 249																0								0	
 250																0								1	
 251																0								0	
 252																0								0	
 253																0								0	
 254																0								0	
 255																3								0	
 256																0								0	
 257																0								0	
 258																10								0	
 259																1								1	
 260																1934								0	
 261																100								0	
 262																20								0	
 263																30								3	
 264																100									
 265																27									
 266																12									
 267																22									
 268																1									
 269																70									
 270																5									
 271																0									
 272																0									
 273																0									
 274																3									
 275																1									
 276																1									
 277																2									
 278																1									
 279																0									
 280																2									
 281																0									
 282																0									
 283																2									
