No. uses	Total	command_line_arguments	constant	expression	mismatched_entities	null_define	reserved_word	statement	type	uncategorized	unknown_symbol	
0	10.580	66.667	12.227	10.203	4.819	6.949	13.725	6.632	5.581	13.333	7.688	
1	32.518	83.333	38.358	28.754	14.458	50.847	36.415	20.855	17.442	26.444	16.035	
2	50.268	91.667	59.225	44.536	20.482	66.186	53.501	37.871	38.140	46.667	26.139	
3	61.738	100.000	70.313	52.641	25.301	74.576	60.784	48.255	50.698	52.889	58.320	
4	68.590	100.000	77.055	59.726	28.916	79.153	63.585	56.370	56.279	57.778	67.271	
5	73.353	100.000	81.321	64.794	33.735	83.559	69.468	62.042	62.093	61.778	72.927	
6	76.903	100.000	84.437	68.867	34.940	85.593	73.109	67.452	66.279	64.667	76.661	
7	79.310	100.000	86.545	71.475	36.145	87.203	76.751	71.379	68.837	67.111	79.242	
8	81.517	100.000	88.473	74.163	36.145	88.559	79.272	74.433	71.395	68.444	81.219	
9	83.318	100.000	90.031	76.368	36.145	89.407	81.513	76.702	72.791	70.444	83.086	
10	84.962	100.000	91.320	78.586	38.554	90.424	82.633	78.883	73.953	71.556	84.734	
11	86.118	100.000	92.219	79.957	42.169	90.763	84.874	80.716	75.581	74.222	85.722	
12	87.112	100.000	92.968	81.315	45.783	91.610	85.994	81.588	76.977	75.778	86.381	
13	88.216	100.000	93.717	82.834	45.783	92.542	86.835	82.548	79.070	78.000	87.534	
14	88.935	100.000	94.246	83.828	49.398	92.881	87.395	83.246	80.233	78.667	88.248	
15	89.577	100.000	94.636	84.823	49.398	93.390	88.235	84.206	80.465	79.556	88.742	
16	90.213	100.000	95.075	85.603	49.398	93.898	88.796	85.340	82.093	80.000	89.511	
17	90.724	100.000	95.505	86.329	49.398	93.983	89.356	85.777	82.326	80.444	90.005	
18	91.225	100.000	95.795	87.001	49.398	94.407	90.196	86.911	82.558	81.556	90.500	
19	91.583	100.000	96.034	87.498	50.602	94.576	91.317	87.696	82.558	81.778	90.719	
20	92.010	100.000	96.254	88.117	50.602	95.000	91.877	88.656	83.256	82.000	91.159	
21	92.328	100.000	96.484	88.533	51.807	95.085	91.877	89.354	84.186	82.222	91.378	
22	92.638	100.000	96.714	88.883	54.217	95.339	92.157	90.227	84.186	82.889	91.543	
23	92.895	100.000	96.913	89.152	55.422	95.339	92.717	90.750	84.419	84.000	91.763	
24	93.179	100.000	97.123	89.501	55.422	95.593	93.277	91.099	84.419	84.889	92.037	
25	93.462	100.000	97.273	89.945	56.627	95.593	93.277	91.623	85.116	85.333	92.312	
26	93.694	100.000	97.433	90.321	57.831	95.678	93.277	91.710	85.814	85.778	92.367	
27	93.938	100.000	97.623	90.617	57.831	95.763	93.557	91.972	86.047	86.000	92.806	
28	94.178	100.000	97.752	90.940	57.831	95.847	94.118	92.408	86.512	86.222	93.191	
29	94.400	100.000	97.862	91.249	61.446	95.932	94.398	92.670	86.512	87.333	93.410	
30	94.644	100.000	98.012	91.652	61.446	96.017	94.398	92.932	86.512	88.222	93.575	
31	94.849	100.000	98.082	92.015	61.446	96.102	95.518	92.932	86.744	88.444	93.904	
32	94.998	100.000	98.152	92.230	61.446	96.271	95.798	93.281	87.209	88.444	94.014	
33	95.115	100.000	98.192	92.391	61.446	96.525	96.078	93.455	87.442	88.889	94.124	
34	95.246	100.000	98.262	92.593	61.446	96.525	96.359	93.717	87.442	89.111	94.289	
35	95.377	100.000	98.332	92.768	62.651	96.525	96.359	93.892	88.140	89.556	94.399	
36	95.499	100.000	98.392	92.943	62.651	96.695	96.639	93.892	88.605	89.778	94.563	
37	95.630	100.000	98.432	93.171	62.651	97.119	96.639	94.154	88.605	89.778	94.618	
38	95.778	100.000	98.502	93.467	62.651	97.288	96.639	94.328	88.605	89.778	94.673	
39	95.831	100.000	98.522	93.548	62.651	97.288	96.639	94.415	89.070	89.778	94.728	
40	95.922	100.000	98.572	93.642	62.651	97.373	96.639	94.590	90.000	90.000	94.783	
41	96.001	100.000	98.622	93.776	62.651	97.458	96.639	94.677	90.000	90.000	94.838	
42	96.070	100.000	98.622	93.897	62.651	97.542	96.639	94.939	90.000	90.444	94.893	
43	96.162	100.000	98.661	93.978	63.855	97.542	96.639	95.201	90.233	90.667	95.167	
44	96.245	100.000	98.691	94.072	65.060	97.542	97.199	95.375	90.465	90.889	95.277	
45	96.289	100.000	98.721	94.112	65.060	97.542	97.199	95.550	90.465	90.889	95.387	
46	96.358	100.000	98.731	94.247	65.060	97.627	97.479	95.637	90.465	90.889	95.497	
47	96.437	100.000	98.751	94.354	65.060	97.627	97.479	95.724	90.698	91.333	95.717	
48	96.572	100.000	98.821	94.529	67.470	97.712	97.759	95.986	90.930	91.556	95.826	
49	96.624	100.000	98.841	94.636	68.675	97.712	97.759	96.073	90.930	91.556	95.826	
50	96.716	100.000	98.871	94.771	68.675	97.712	97.759	96.422	91.163	91.778	95.936	
51	96.794	100.000	98.881	94.905	68.675	97.712	97.759	96.510	91.628	91.778	96.156	
52	96.856	100.000	98.921	94.999	68.675	97.712	97.759	96.597	91.860	91.778	96.211	
53	96.925	100.000	98.961	95.093	69.880	97.797	97.759	96.684	92.093	91.778	96.266	
54	96.986	100.000	99.001	95.174	69.880	97.797	97.759	96.859	92.326	91.778	96.321	
55	97.056	100.000	99.041	95.295	69.880	97.797	97.759	96.859	92.326	92.444	96.321	
56	97.087	100.000	99.051	95.376	69.880	97.797	97.759	96.859	92.326	92.444	96.321	
57	97.130	100.000	99.081	95.443	69.880	97.797	97.759	96.859	92.326	92.444	96.431	
58	97.187	100.000	99.131	95.524	69.880	97.797	98.039	96.859	92.326	92.444	96.485	
59	97.231	100.000	99.151	95.577	69.880	97.797	98.039	96.859	92.558	92.667	96.595	
60	97.296	100.000	99.181	95.631	72.289	97.797	98.039	96.946	93.023	92.667	96.760	
61	97.335	100.000	99.211	95.658	73.494	97.881	98.039	97.033	93.256	92.667	96.760	
62	97.383	100.000	99.231	95.725	73.494	97.881	98.039	97.033	93.488	93.111	96.815	
63	97.422	100.000	99.241	95.806	73.494	97.881	98.039	97.208	93.488	93.111	96.815	
64	97.484	100.000	99.261	95.927	73.494	97.881	98.039	97.208	93.953	93.333	96.815	
65	97.518	100.000	99.281	95.981	73.494	97.881	98.039	97.295	93.953	93.333	96.870	
66	97.540	100.000	99.281	95.994	73.494	97.966	98.319	97.469	93.953	93.333	96.870	
67	97.579	100.000	99.291	96.048	73.494	97.966	98.319	97.557	94.186	93.778	96.870	
68	97.606	100.000	99.301	96.102	73.494	97.966	98.599	97.557	94.186	93.778	96.870	
69	97.627	100.000	99.321	96.115	74.699	97.966	98.599	97.557	94.186	93.778	96.925	
70	97.649	100.000	99.331	96.129	74.699	97.966	98.599	97.557	94.419	94.000	96.980	
71	97.697	100.000	99.331	96.209	77.108	97.966	98.599	97.644	94.651	94.222	96.980	
72	97.732	100.000	99.351	96.249	77.108	97.966	98.599	97.731	94.651	94.444	97.035	
73	97.754	100.000	99.351	96.263	80.723	97.966	98.599	97.731	94.651	94.444	97.090	
74	97.784	100.000	99.371	96.303	80.723	97.966	98.599	97.731	94.651	94.444	97.199	
75	97.811	100.000	99.381	96.370	80.723	97.966	98.599	97.731	94.651	94.444	97.199	
76	97.837	100.000	99.391	96.424	80.723	97.966	98.599	97.731	94.651	94.667	97.199	
77	97.876	100.000	99.391	96.478	80.723	97.966	98.599	97.993	94.651	94.889	97.254	
78	97.902	100.000	99.411	96.505	80.723	97.966	98.599	97.993	94.884	94.889	97.309	
79	97.933	100.000	99.421	96.545	80.723	97.966	98.599	98.080	94.884	95.111	97.364	
80	97.972	100.000	99.431	96.626	80.723	97.966	98.880	98.080	94.884	95.111	97.419	
81	97.989	100.000	99.441	96.666	80.723	97.966	98.880	98.080	94.884	95.111	97.419	
82	98.020	100.000	99.481	96.693	80.723	97.966	98.880	98.168	94.884	95.111	97.419	
83	98.024	100.000	99.481	96.707	80.723	97.966	98.880	98.168	94.884	95.111	97.419	
84	98.037	100.000	99.481	96.720	80.723	97.966	98.880	98.255	94.884	95.111	97.474	
85	98.064	100.000	99.501	96.747	80.723	98.051	98.880	98.255	94.884	95.333	97.474	
86	98.090	100.000	99.501	96.801	80.723	98.051	98.880	98.255	94.884	95.556	97.529	
87	98.103	100.000	99.501	96.814	80.723	98.136	98.880	98.255	94.884	95.556	97.584	
88	98.107	100.000	99.501	96.828	80.723	98.136	98.880	98.255	94.884	95.556	97.584	
89	98.142	100.000	99.521	96.881	80.723	98.220	98.880	98.342	94.884	95.556	97.584	
90	98.164	100.000	99.521	96.935	80.723	98.220	98.880	98.342	94.884	95.556	97.639	
91	98.190	100.000	99.531	96.962	80.723	98.305	98.880	98.429	94.884	95.778	97.639	
92	98.221	100.000	99.531	97.016	80.723	98.390	98.880	98.429	95.116	95.778	97.694	
93	98.238	100.000	99.531	97.056	80.723	98.390	98.880	98.517	95.116	95.778	97.694	
94	98.290	100.000	99.550	97.177	80.723	98.390	98.880	98.517	95.349	95.778	97.694	
95	98.299	100.000	99.560	97.177	81.928	98.390	98.880	98.517	95.349	95.778	97.694	
96	98.321	100.000	99.580	97.190	81.928	98.390	98.880	98.517	95.349	96.000	97.748	
97	98.356	100.000	99.620	97.231	81.928	98.390	98.880	98.517	95.349	96.222	97.748	
98	98.365	100.000	99.620	97.244	81.928	98.390	98.880	98.517	95.581	96.222	97.748	
99	98.373	100.000	99.620	97.244	83.133	98.390	98.880	98.604	95.581	96.222	97.748	
100	98.378	100.000	99.630	97.244	83.133	98.390	98.880	98.604	95.581	96.222	97.748	
101	98.395	100.000	99.630	97.258	83.133	98.390	98.880	98.604	95.814	96.444	97.803	
102	98.412	100.000	99.630	97.298	83.133	98.390	98.880	98.604	95.814	96.667	97.803	
103	98.421	100.000	99.630	97.298	83.133	98.390	98.880	98.691	96.047	96.667	97.803	
104	98.430	100.000	99.630	97.311	84.337	98.390	98.880	98.691	96.047	96.667	97.803	
105	98.447	100.000	99.640	97.338	84.337	98.390	98.880	98.778	96.047	96.667	97.803	
106	98.456	100.000	99.650	97.352	84.337	98.390	98.880	98.778	96.047	96.667	97.803	
107	98.465	100.000	99.650	97.365	84.337	98.390	98.880	98.778	96.047	96.667	97.858	
108	98.491	100.000	99.650	97.406	84.337	98.475	98.880	98.778	96.047	96.667	97.968	
109	98.508	100.000	99.650	97.432	84.337	98.559	98.880	98.866	96.047	96.667	97.968	
110	98.513	100.000	99.650	97.432	84.337	98.559	98.880	98.953	96.047	96.667	97.968	
111	98.522	100.000	99.650	97.459	84.337	98.559	98.880	98.953	96.047	96.667	97.968	
112	98.539	100.000	99.660	97.500	84.337	98.559	98.880	98.953	96.047	96.667	97.968	
113	98.561	100.000	99.670	97.540	84.337	98.559	98.880	98.953	96.047	96.667	98.023	
114	98.561	100.000	99.670	97.540	84.337	98.559	98.880	98.953	96.047	96.667	98.023	
115	98.569	100.000	99.670	97.553	84.337	98.559	98.880	98.953	96.047	96.667	98.078	
116	98.604	100.000	99.680	97.580	84.337	98.644	98.880	98.953	96.047	96.889	98.243	
117	98.609	100.000	99.690	97.580	84.337	98.644	98.880	98.953	96.047	96.889	98.243	
118	98.617	100.000	99.690	97.594	84.337	98.644	98.880	98.953	96.047	96.889	98.298	
119	98.631	100.000	99.690	97.634	84.337	98.644	98.880	98.953	96.047	96.889	98.298	
120	98.635	100.000	99.690	97.648	84.337	98.644	98.880	98.953	96.047	96.889	98.298	
121	98.665	100.000	99.690	97.688	84.337	98.644	98.880	98.953	96.279	97.111	98.407	
122	98.674	100.000	99.690	97.701	84.337	98.644	98.880	98.953	96.279	97.111	98.462	
123	98.683	100.000	99.690	97.715	84.337	98.729	98.880	98.953	96.279	97.111	98.462	
124	98.692	100.000	99.700	97.715	85.542	98.729	98.880	98.953	96.279	97.111	98.462	
125	98.709	100.000	99.700	97.728	85.542	98.814	98.880	98.953	96.744	97.111	98.462	
126	98.718	100.000	99.700	97.755	85.542	98.814	98.880	98.953	96.744	97.111	98.462	
127	98.727	100.000	99.710	97.769	85.542	98.814	98.880	98.953	96.744	97.111	98.462	
128	98.731	100.000	99.710	97.782	85.542	98.814	98.880	98.953	96.744	97.111	98.462	
129	98.744	100.000	99.710	97.809	85.542	98.814	98.880	98.953	96.977	97.111	98.462	
130	98.761	100.000	99.720	97.849	85.542	98.814	98.880	98.953	96.977	97.111	98.462	
131	98.770	100.000	99.720	97.863	85.542	98.814	98.880	98.953	96.977	97.111	98.517	
132	98.783	100.000	99.730	97.890	85.542	98.814	98.880	98.953	96.977	97.111	98.517	
133	98.809	100.000	99.740	97.930	85.542	98.814	98.880	99.040	97.209	97.111	98.517	
134	98.814	100.000	99.740	97.943	85.542	98.814	98.880	99.040	97.209	97.111	98.517	
135	98.818	100.000	99.750	97.943	85.542	98.814	98.880	99.040	97.209	97.111	98.517	
136	98.827	100.000	99.750	97.970	85.542	98.814	98.880	99.040	97.209	97.111	98.517	
137	98.831	100.000	99.750	97.984	85.542	98.814	98.880	99.040	97.209	97.111	98.517	
138	98.831	100.000	99.750	97.984	85.542	98.814	98.880	99.040	97.209	97.111	98.517	
139	98.836	100.000	99.750	97.984	85.542	98.814	98.880	99.040	97.209	97.111	98.572	
140	98.840	100.000	99.750	97.997	85.542	98.814	98.880	99.040	97.209	97.111	98.572	
141	98.849	100.000	99.750	98.024	85.542	98.814	98.880	99.040	97.209	97.111	98.572	
142	98.853	100.000	99.750	98.037	85.542	98.814	98.880	99.040	97.209	97.111	98.572	
143	98.862	100.000	99.750	98.051	85.542	98.814	98.880	99.040	97.209	97.111	98.627	
144	98.870	100.000	99.750	98.064	85.542	98.814	98.880	99.127	97.209	97.111	98.627	
145	98.884	100.000	99.750	98.064	86.747	98.814	98.880	99.215	97.209	97.111	98.682	
146	98.892	100.000	99.750	98.091	86.747	98.814	98.880	99.215	97.209	97.111	98.682	
147	98.901	100.000	99.750	98.091	86.747	98.898	98.880	99.215	97.209	97.333	98.682	
148	98.905	100.000	99.750	98.091	87.952	98.898	98.880	99.215	97.209	97.333	98.682	
149	98.918	100.000	99.760	98.105	89.157	98.898	98.880	99.215	97.209	97.333	98.682	
150	98.918	100.000	99.760	98.105	89.157	98.898	98.880	99.215	97.209	97.333	98.682	
151	98.931	100.000	99.760	98.131	89.157	98.898	98.880	99.215	97.209	97.556	98.682	
152	98.931	100.000	99.760	98.131	89.157	98.898	98.880	99.215	97.209	97.556	98.682	
153	98.936	100.000	99.760	98.145	89.157	98.898	98.880	99.215	97.209	97.556	98.682	
154	98.940	100.000	99.760	98.158	89.157	98.898	98.880	99.215	97.209	97.556	98.682	
155	98.962	100.000	99.770	98.199	89.157	98.898	98.880	99.215	97.442	97.556	98.682	
156	98.979	100.000	99.770	98.226	89.157	98.983	98.880	99.215	97.442	97.556	98.737	
157	98.979	100.000	99.770	98.226	89.157	98.983	98.880	99.215	97.442	97.556	98.737	
158	98.988	100.000	99.770	98.239	89.157	98.983	98.880	99.215	97.442	97.556	98.792	
159	98.993	100.000	99.770	98.239	89.157	98.983	99.160	99.215	97.442	97.556	98.792	
160	98.993	100.000	99.770	98.239	89.157	98.983	99.160	99.215	97.442	97.556	98.792	
161	99.001	100.000	99.770	98.266	89.157	98.983	99.160	99.215	97.442	97.556	98.792	
162	99.006	100.000	99.770	98.279	89.157	98.983	99.160	99.215	97.442	97.556	98.792	
163	99.014	100.000	99.770	98.306	89.157	98.983	99.160	99.215	97.442	97.556	98.792	
164	99.032	100.000	99.770	98.347	89.157	98.983	99.160	99.302	97.442	97.556	98.792	
165	99.032	100.000	99.770	98.347	89.157	98.983	99.160	99.302	97.442	97.556	98.792	
166	99.041	100.000	99.770	98.360	89.157	98.983	99.160	99.302	97.442	97.556	98.847	
167	99.041	100.000	99.770	98.360	89.157	98.983	99.160	99.302	97.442	97.556	98.847	
168	99.054	100.000	99.770	98.373	89.157	99.068	99.160	99.389	97.442	97.556	98.847	
169	99.071	100.000	99.770	98.387	89.157	99.068	99.160	99.389	97.674	97.556	98.957	
170	99.080	100.000	99.770	98.400	89.157	99.068	99.160	99.389	97.674	97.556	99.012	
171	99.093	100.000	99.770	98.441	89.157	99.068	99.160	99.389	97.674	97.556	99.012	
172	99.097	100.000	99.780	98.441	89.157	99.068	99.160	99.389	97.674	97.556	99.012	
173	99.102	100.000	99.780	98.441	89.157	99.068	99.160	99.389	97.674	97.556	99.066	
174	99.102	100.000	99.780	98.441	89.157	99.068	99.160	99.389	97.674	97.556	99.066	
175	99.106	100.000	99.780	98.454	89.157	99.068	99.160	99.389	97.674	97.556	99.066	
176	99.110	100.000	99.780	98.468	89.157	99.068	99.160	99.389	97.674	97.556	99.066	
177	99.119	100.000	99.780	98.481	89.157	99.068	99.160	99.389	97.674	97.778	99.066	
178	99.132	100.000	99.790	98.494	89.157	99.068	99.160	99.476	97.674	97.778	99.066	
179	99.141	100.000	99.790	98.508	89.157	99.068	99.160	99.476	97.674	97.778	99.121	
180	99.145	100.000	99.790	98.508	89.157	99.153	99.160	99.476	97.674	97.778	99.121	
181	99.150	100.000	99.800	98.508	89.157	99.153	99.160	99.476	97.674	97.778	99.121	
182	99.150	100.000	99.800	98.508	89.157	99.153	99.160	99.476	97.674	97.778	99.121	
183	99.154	100.000	99.810	98.508	89.157	99.153	99.160	99.476	97.674	97.778	99.121	
184	99.158	100.000	99.810	98.521	89.157	99.153	99.160	99.476	97.674	97.778	99.121	
185	99.163	100.000	99.810	98.535	89.157	99.153	99.160	99.476	97.674	97.778	99.121	
186	99.167	100.000	99.810	98.548	89.157	99.153	99.160	99.476	97.674	97.778	99.121	
187	99.167	100.000	99.810	98.548	89.157	99.153	99.160	99.476	97.674	97.778	99.121	
188	99.167	100.000	99.810	98.548	89.157	99.153	99.160	99.476	97.674	97.778	99.121	
189	99.171	100.000	99.810	98.562	89.157	99.153	99.160	99.476	97.674	97.778	99.121	
190	99.180	100.000	99.810	98.575	89.157	99.153	99.160	99.564	97.674	97.778	99.121	
191	99.198	100.000	99.830	98.602	89.157	99.153	99.160	99.564	97.674	97.778	99.121	
192	99.202	100.000	99.830	98.615	89.157	99.153	99.160	99.564	97.674	97.778	99.121	
193	99.215	100.000	99.840	98.629	89.157	99.153	99.160	99.564	97.674	97.778	99.176	
194	99.215	100.000	99.840	98.629	89.157	99.153	99.160	99.564	97.674	97.778	99.176	
195	99.215	100.000	99.840	98.629	89.157	99.153	99.160	99.564	97.674	97.778	99.176	
196	99.237	100.000	99.840	98.656	89.157	99.153	99.160	99.564	97.674	98.222	99.231	
197	99.237	100.000	99.840	98.656	89.157	99.153	99.160	99.564	97.674	98.222	99.231	
198	99.237	100.000	99.840	98.656	89.157	99.153	99.160	99.564	97.674	98.222	99.231	
199	99.241	100.000	99.840	98.669	89.157	99.153	99.160	99.564	97.674	98.222	99.231	
200	99.241	100.000	99.840	98.669	89.157	99.153	99.160	99.564	97.674	98.222	99.231	
201	99.245	100.000	99.850	98.669	89.157	99.153	99.160	99.564	97.674	98.222	99.231	
202	99.245	100.000	99.850	98.669	89.157	99.153	99.160	99.564	97.674	98.222	99.231	
203	99.245	100.000	99.850	98.669	89.157	99.153	99.160	99.564	97.674	98.222	99.231	
204	99.254	100.000	99.850	98.696	89.157	99.153	99.160	99.564	97.674	98.222	99.231	
205	99.263	100.000	99.850	98.696	89.157	99.237	99.160	99.564	97.907	98.222	99.231	
206	99.276	100.000	99.850	98.723	89.157	99.322	99.160	99.564	97.907	98.222	99.231	
207	99.289	100.000	99.850	98.763	89.157	99.322	99.160	99.564	97.907	98.222	99.231	
208	99.293	100.000	99.850	98.777	89.157	99.322	99.160	99.564	97.907	98.222	99.231	
209	99.298	100.000	99.850	98.777	89.157	99.322	99.160	99.564	97.907	98.222	99.286	
210	99.307	100.000	99.850	98.804	89.157	99.322	99.160	99.564	97.907	98.222	99.286	
211	99.311	100.000	99.850	98.817	89.157	99.322	99.160	99.564	97.907	98.222	99.286	
212	99.311	100.000	99.850	98.817	89.157	99.322	99.160	99.564	97.907	98.222	99.286	
213	99.311	100.000	99.850	98.817	89.157	99.322	99.160	99.564	97.907	98.222	99.286	
214	99.315	100.000	99.850	98.817	89.157	99.407	99.160	99.564	97.907	98.222	99.286	
215	99.315	100.000	99.850	98.817	89.157	99.407	99.160	99.564	97.907	98.222	99.286	
216	99.315	100.000	99.850	98.817	89.157	99.407	99.160	99.564	97.907	98.222	99.286	
217	99.320	100.000	99.860	98.817	89.157	99.407	99.160	99.564	97.907	98.222	99.286	
218	99.324	100.000	99.860	98.830	89.157	99.407	99.160	99.564	97.907	98.222	99.286	
219	99.324	100.000	99.860	98.830	89.157	99.407	99.160	99.564	97.907	98.222	99.286	
220	99.324	100.000	99.860	98.830	89.157	99.407	99.160	99.564	97.907	98.222	99.286	
221	99.328	100.000	99.860	98.830	89.157	99.492	99.160	99.564	97.907	98.222	99.286	
222	99.328	100.000	99.860	98.830	89.157	99.492	99.160	99.564	97.907	98.222	99.286	
223	99.333	100.000	99.860	98.830	89.157	99.492	99.160	99.564	97.907	98.222	99.341	
224	99.337	100.000	99.860	98.844	89.157	99.492	99.160	99.564	97.907	98.222	99.341	
225	99.337	100.000	99.860	98.844	89.157	99.492	99.160	99.564	97.907	98.222	99.341	
226	99.341	100.000	99.860	98.844	89.157	99.492	99.160	99.564	97.907	98.444	99.341	
227	99.346	100.000	99.860	98.857	89.157	99.492	99.160	99.564	97.907	98.444	99.341	
228	99.346	100.000	99.860	98.857	89.157	99.492	99.160	99.564	97.907	98.444	99.341	
229	99.346	100.000	99.860	98.857	89.157	99.492	99.160	99.564	97.907	98.444	99.341	
230	99.346	100.000	99.860	98.857	89.157	99.492	99.160	99.564	97.907	98.444	99.341	
231	99.346	100.000	99.860	98.857	89.157	99.492	99.160	99.564	97.907	98.444	99.341	
232	99.350	100.000	99.860	98.871	89.157	99.492	99.160	99.564	97.907	98.444	99.341	
233	99.350	100.000	99.860	98.871	89.157	99.492	99.160	99.564	97.907	98.444	99.341	
234	99.350	100.000	99.860	98.871	89.157	99.492	99.160	99.564	97.907	98.444	99.341	
235	99.350	100.000	99.860	98.871	89.157	99.492	99.160	99.564	97.907	98.444	99.341	
236	99.350	100.000	99.860	98.871	89.157	99.492	99.160	99.564	97.907	98.444	99.341	
237	99.350	100.000	99.860	98.871	89.157	99.492	99.160	99.564	97.907	98.444	99.341	
238	99.363	100.000	99.860	98.898	89.157	99.492	99.160	99.564	97.907	98.444	99.396	
239	99.363	100.000	99.860	98.898	89.157	99.492	99.160	99.564	97.907	98.444	99.396	
240	99.368	100.000	99.860	98.911	89.157	99.492	99.160	99.564	97.907	98.444	99.396	
241	99.372	100.000	99.860	98.925	89.157	99.492	99.160	99.564	97.907	98.444	99.396	
242	99.376	100.000	99.860	98.938	89.157	99.492	99.160	99.564	97.907	98.444	99.396	
243	99.376	100.000	99.860	98.938	89.157	99.492	99.160	99.564	97.907	98.444	99.396	
244	99.381	100.000	99.860	98.951	89.157	99.492	99.160	99.564	97.907	98.444	99.396	
245	99.385	100.000	99.870	98.951	89.157	99.492	99.160	99.564	97.907	98.444	99.396	
246	99.385	100.000	99.870	98.951	89.157	99.492	99.160	99.564	97.907	98.444	99.396	
247	99.385	100.000	99.870	98.951	89.157	99.492	99.160	99.564	97.907	98.444	99.396	
248	99.389	100.000	99.870	98.951	89.157	99.492	99.440	99.564	97.907	98.444	99.396	
249	99.389	100.000	99.870	98.951	89.157	99.492	99.440	99.564	97.907	98.444	99.396	
250	99.389	100.000	99.870	98.951	89.157	99.492	99.440	99.564	97.907	98.444	99.396	
251	99.394	100.000	99.870	98.951	89.157	99.492	99.440	99.564	97.907	98.444	99.451	
252	99.394	100.000	99.870	98.951	89.157	99.492	99.440	99.564	97.907	98.444	99.451	
253	99.394	100.000	99.870	98.951	89.157	99.492	99.440	99.564	97.907	98.444	99.451	
254	99.398	100.000	99.870	98.965	89.157	99.492	99.440	99.564	97.907	98.444	99.451	
255	99.398	100.000	99.870	98.965	89.157	99.492	99.440	99.564	97.907	98.444	99.451	
256	99.403	100.000	99.870	98.965	89.157	99.492	99.440	99.564	97.907	98.667	99.451	
257	99.403	100.000	99.870	98.965	89.157	99.492	99.440	99.564	97.907	98.667	99.451	
258	99.407	100.000	99.870	98.978	89.157	99.492	99.440	99.564	97.907	98.667	99.451	
259	99.407	100.000	99.870	98.978	89.157	99.492	99.440	99.564	97.907	98.667	99.451	
260	99.407	100.000	99.870	98.978	89.157	99.492	99.440	99.564	97.907	98.667	99.451	
261	99.407	100.000	99.870	98.978	89.157	99.492	99.440	99.564	97.907	98.667	99.451	
262	99.407	100.000	99.870	98.978	89.157	99.492	99.440	99.564	97.907	98.667	99.451	
263	99.407	100.000	99.870	98.978	89.157	99.492	99.440	99.564	97.907	98.667	99.451	
264	99.411	100.000	99.870	98.992	89.157	99.492	99.440	99.564	97.907	98.667	99.451	
265	99.420	100.000	99.870	99.019	89.157	99.492	99.440	99.564	97.907	98.667	99.451	
266	99.420	100.000	99.870	99.019	89.157	99.492	99.440	99.564	97.907	98.667	99.451	
267	99.424	100.000	99.870	99.019	90.361	99.492	99.440	99.564	97.907	98.667	99.451	
268	99.429	100.000	99.870	99.019	90.361	99.492	99.440	99.564	97.907	98.889	99.451	
269	99.433	100.000	99.870	99.019	91.566	99.492	99.440	99.564	97.907	98.889	99.451	
270	99.442	100.000	99.870	99.019	92.771	99.492	99.440	99.651	97.907	98.889	99.451	
271	99.446	100.000	99.870	99.032	92.771	99.492	99.440	99.651	97.907	98.889	99.451	
272	99.446	100.000	99.870	99.032	92.771	99.492	99.440	99.651	97.907	98.889	99.451	
273	99.446	100.000	99.870	99.032	92.771	99.492	99.440	99.651	97.907	98.889	99.451	
274	99.450	100.000	99.880	99.032	92.771	99.492	99.440	99.651	97.907	98.889	99.451	
275	99.455	100.000	99.890	99.032	92.771	99.492	99.440	99.651	97.907	98.889	99.451	
276	99.464	100.000	99.890	99.046	92.771	99.492	99.440	99.651	97.907	98.889	99.506	
277	99.464	100.000	99.890	99.046	92.771	99.492	99.440	99.651	97.907	98.889	99.506	
278	99.464	100.000	99.890	99.046	92.771	99.492	99.440	99.651	97.907	98.889	99.506	
279	99.464	100.000	99.890	99.046	92.771	99.492	99.440	99.651	97.907	98.889	99.506	
280	99.464	100.000	99.890	99.046	92.771	99.492	99.440	99.651	97.907	98.889	99.506	
281	99.468	100.000	99.900	99.046	92.771	99.492	99.440	99.651	97.907	98.889	99.506	
282	99.468	100.000	99.900	99.046	92.771	99.492	99.440	99.651	97.907	98.889	99.506	
283	99.472	100.000	99.900	99.046	92.771	99.492	99.440	99.651	97.907	98.889	99.561	
284	99.481	100.000	99.900	99.059	92.771	99.492	99.440	99.651	98.140	98.889	99.561	
285	99.490	100.000	99.900	99.086	92.771	99.492	99.440	99.651	98.140	98.889	99.561	
286	99.490	100.000	99.900	99.086	92.771	99.492	99.440	99.651	98.140	98.889	99.561	
287	99.494	100.000	99.900	99.086	92.771	99.492	99.440	99.651	98.140	99.111	99.561	
288	99.494	100.000	99.900	99.086	92.771	99.492	99.440	99.651	98.140	99.111	99.561	
289	99.494	100.000	99.900	99.086	92.771	99.492	99.440	99.651	98.140	99.111	99.561	
290	99.494	100.000	99.900	99.086	92.771	99.492	99.440	99.651	98.140	99.111	99.561	
291	99.498	100.000	99.910	99.086	92.771	99.492	99.440	99.651	98.140	99.111	99.561	
292	99.498	100.000	99.910	99.086	92.771	99.492	99.440	99.651	98.140	99.111	99.561	
293	99.503	100.000	99.910	99.099	92.771	99.492	99.440	99.651	98.140	99.111	99.561	
294	99.503	100.000	99.910	99.099	92.771	99.492	99.440	99.651	98.140	99.111	99.561	
295	99.503	100.000	99.910	99.099	92.771	99.492	99.440	99.651	98.140	99.111	99.561	
296	99.507	100.000	99.920	99.099	92.771	99.492	99.440	99.651	98.140	99.111	99.561	
297	99.507	100.000	99.920	99.099	92.771	99.492	99.440	99.651	98.140	99.111	99.561	
298	99.507	100.000	99.920	99.099	92.771	99.492	99.440	99.651	98.140	99.111	99.561	
299	99.507	100.000	99.920	99.099	92.771	99.492	99.440	99.651	98.140	99.111	99.561	
300	99.507	100.000	99.920	99.099	92.771	99.492	99.440	99.651	98.140	99.111	99.561	
301	99.507	100.000	99.920	99.099	92.771	99.492	99.440	99.651	98.140	99.111	99.561	
302	99.516	100.000	99.920	99.099	92.771	99.492	99.440	99.651	98.140	99.111	99.671	
303	99.520	100.000	99.930	99.099	92.771	99.492	99.440	99.651	98.140	99.111	99.671	
304	99.525	100.000	99.930	99.113	92.771	99.492	99.440	99.651	98.140	99.111	99.671	
305	99.525	100.000	99.930	99.113	92.771	99.492	99.440	99.651	98.140	99.111	99.671	
306	99.525	100.000	99.930	99.113	92.771	99.492	99.440	99.651	98.140	99.111	99.671	
307	99.525	100.000	99.930	99.113	92.771	99.492	99.440	99.651	98.140	99.111	99.671	
308	99.529	100.000	99.930	99.126	92.771	99.492	99.440	99.651	98.140	99.111	99.671	
309	99.529	100.000	99.930	99.126	92.771	99.492	99.440	99.651	98.140	99.111	99.671	
310	99.529	100.000	99.930	99.126	92.771	99.492	99.440	99.651	98.140	99.111	99.671	
311	99.533	100.000	99.930	99.140	92.771	99.492	99.440	99.651	98.140	99.111	99.671	
312	99.538	100.000	99.930	99.153	92.771	99.492	99.440	99.651	98.140	99.111	99.671	
313	99.538	100.000	99.930	99.153	92.771	99.492	99.440	99.651	98.140	99.111	99.671	
314	99.542	100.000	99.930	99.153	93.976	99.492	99.440	99.651	98.140	99.111	99.671	
315	99.542	100.000	99.930	99.153	93.976	99.492	99.440	99.651	98.140	99.111	99.671	
316	99.546	100.000	99.930	99.167	93.976	99.492	99.440	99.651	98.140	99.111	99.671	
317	99.555	100.000	99.930	99.167	93.976	99.492	99.440	99.738	98.372	99.111	99.671	
318	99.555	100.000	99.930	99.167	93.976	99.492	99.440	99.738	98.372	99.111	99.671	
319	99.555	100.000	99.930	99.167	93.976	99.492	99.440	99.738	98.372	99.111	99.671	
320	99.564	100.000	99.950	99.167	93.976	99.492	99.440	99.738	98.372	99.111	99.671	
321	99.573	100.000	99.950	99.180	93.976	99.492	99.440	99.738	98.605	99.111	99.671	
322	99.577	100.000	99.950	99.180	93.976	99.576	99.440	99.738	98.605	99.111	99.671	
323	99.577	100.000	99.950	99.180	93.976	99.576	99.440	99.738	98.605	99.111	99.671	
324	99.577	100.000	99.950	99.180	93.976	99.576	99.440	99.738	98.605	99.111	99.671	
325	99.581	100.000	99.950	99.180	93.976	99.576	99.440	99.738	98.605	99.333	99.671	
326	99.581	100.000	99.950	99.180	93.976	99.576	99.440	99.738	98.605	99.333	99.671	
327	99.581	100.000	99.950	99.180	93.976	99.576	99.440	99.738	98.605	99.333	99.671	
328	99.581	100.000	99.950	99.180	93.976	99.576	99.440	99.738	98.605	99.333	99.671	
329	99.590	100.000	99.950	99.193	93.976	99.576	99.440	99.738	98.837	99.333	99.671	
330	99.590	100.000	99.950	99.193	93.976	99.576	99.440	99.738	98.837	99.333	99.671	
331	99.590	100.000	99.950	99.193	93.976	99.576	99.440	99.738	98.837	99.333	99.671	
332	99.590	100.000	99.950	99.193	93.976	99.576	99.440	99.738	98.837	99.333	99.671	
333	99.599	100.000	99.950	99.207	93.976	99.661	99.440	99.738	98.837	99.333	99.671	
334	99.599	100.000	99.950	99.207	93.976	99.661	99.440	99.738	98.837	99.333	99.671	
335	99.603	100.000	99.950	99.207	93.976	99.661	99.720	99.738	98.837	99.333	99.671	
336	99.603	100.000	99.950	99.207	93.976	99.661	99.720	99.738	98.837	99.333	99.671	
337	99.603	100.000	99.950	99.207	93.976	99.661	99.720	99.738	98.837	99.333	99.671	
338	99.603	100.000	99.950	99.207	93.976	99.661	99.720	99.738	98.837	99.333	99.671	
339	99.603	100.000	99.950	99.207	93.976	99.661	99.720	99.738	98.837	99.333	99.671	
340	99.603	100.000	99.950	99.207	93.976	99.661	99.720	99.738	98.837	99.333	99.671	
341	99.603	100.000	99.950	99.207	93.976	99.661	99.720	99.738	98.837	99.333	99.671	
342	99.607	100.000	99.950	99.220	93.976	99.661	99.720	99.738	98.837	99.333	99.671	
343	99.621	100.000	99.960	99.234	93.976	99.661	99.720	99.738	98.837	99.556	99.671	
344	99.625	100.000	99.960	99.234	95.181	99.661	99.720	99.738	98.837	99.556	99.671	
345	99.625	100.000	99.960	99.234	95.181	99.661	99.720	99.738	98.837	99.556	99.671	
346	99.625	100.000	99.960	99.234	95.181	99.661	99.720	99.738	98.837	99.556	99.671	
347	99.625	100.000	99.960	99.234	95.181	99.661	99.720	99.738	98.837	99.556	99.671	
348	99.629	100.000	99.960	99.247	95.181	99.661	99.720	99.738	98.837	99.556	99.671	
349	99.634	100.000	99.970	99.247	95.181	99.661	99.720	99.738	98.837	99.556	99.671	
350	99.642	100.000	99.970	99.274	95.181	99.661	99.720	99.738	98.837	99.556	99.671	
351	99.642	100.000	99.970	99.274	95.181	99.661	99.720	99.738	98.837	99.556	99.671	
352	99.642	100.000	99.970	99.274	95.181	99.661	99.720	99.738	98.837	99.556	99.671	
353	99.647	100.000	99.970	99.288	95.181	99.661	99.720	99.738	98.837	99.556	99.671	
354	99.647	100.000	99.970	99.288	95.181	99.661	99.720	99.738	98.837	99.556	99.671	
355	99.651	100.000	99.980	99.288	95.181	99.661	99.720	99.738	98.837	99.556	99.671	
356	99.651	100.000	99.980	99.288	95.181	99.661	99.720	99.738	98.837	99.556	99.671	
357	99.655	100.000	99.980	99.301	95.181	99.661	99.720	99.738	98.837	99.556	99.671	
358	99.655	100.000	99.980	99.301	95.181	99.661	99.720	99.738	98.837	99.556	99.671	
359	99.655	100.000	99.980	99.301	95.181	99.661	99.720	99.738	98.837	99.556	99.671	
360	99.655	100.000	99.980	99.301	95.181	99.661	99.720	99.738	98.837	99.556	99.671	
361	99.664	100.000	99.980	99.328	95.181	99.661	99.720	99.738	98.837	99.556	99.671	
362	99.664	100.000	99.980	99.328	95.181	99.661	99.720	99.738	98.837	99.556	99.671	
363	99.664	100.000	99.980	99.328	95.181	99.661	99.720	99.738	98.837	99.556	99.671	
364	99.664	100.000	99.980	99.328	95.181	99.661	99.720	99.738	98.837	99.556	99.671	
365	99.664	100.000	99.980	99.328	95.181	99.661	99.720	99.738	98.837	99.556	99.671	
366	99.664	100.000	99.980	99.328	95.181	99.661	99.720	99.738	98.837	99.556	99.671	
367	99.664	100.000	99.980	99.328	95.181	99.661	99.720	99.738	98.837	99.556	99.671	
368	99.669	100.000	99.980	99.341	95.181	99.661	99.720	99.738	98.837	99.556	99.671	
369	99.669	100.000	99.980	99.341	95.181	99.661	99.720	99.738	98.837	99.556	99.671	
370	99.673	100.000	99.990	99.341	95.181	99.661	99.720	99.738	98.837	99.556	99.671	
371	99.673	100.000	99.990	99.341	95.181	99.661	99.720	99.738	98.837	99.556	99.671	
372	99.677	100.000	99.990	99.355	95.181	99.661	99.720	99.738	98.837	99.556	99.671	
373	99.677	100.000	99.990	99.355	95.181	99.661	99.720	99.738	98.837	99.556	99.671	
374	99.677	100.000	99.990	99.355	95.181	99.661	99.720	99.738	98.837	99.556	99.671	
375	99.677	100.000	99.990	99.355	95.181	99.661	99.720	99.738	98.837	99.556	99.671	
376	99.677	100.000	99.990	99.355	95.181	99.661	99.720	99.738	98.837	99.556	99.671	
377	99.682	100.000	99.990	99.355	96.386	99.661	99.720	99.738	98.837	99.556	99.671	
378	99.682	100.000	99.990	99.355	96.386	99.661	99.720	99.738	98.837	99.556	99.671	
379	99.682	100.000	99.990	99.355	96.386	99.661	99.720	99.738	98.837	99.556	99.671	
380	99.682	100.000	99.990	99.355	96.386	99.661	99.720	99.738	98.837	99.556	99.671	
381	99.682	100.000	99.990	99.355	96.386	99.661	99.720	99.738	98.837	99.556	99.671	
382	99.682	100.000	99.990	99.355	96.386	99.661	99.720	99.738	98.837	99.556	99.671	
383	99.682	100.000	99.990	99.355	96.386	99.661	99.720	99.738	98.837	99.556	99.671	
384	99.682	100.000	99.990	99.355	96.386	99.661	99.720	99.738	98.837	99.556	99.671	
385	99.682	100.000	99.990	99.355	96.386	99.661	99.720	99.738	98.837	99.556	99.671	
386	99.682	100.000	99.990	99.355	96.386	99.661	99.720	99.738	98.837	99.556	99.671	
387	99.682	100.000	99.990	99.355	96.386	99.661	99.720	99.738	98.837	99.556	99.671	
388	99.682	100.000	99.990	99.355	96.386	99.661	99.720	99.738	98.837	99.556	99.671	
389	99.682	100.000	99.990	99.355	96.386	99.661	99.720	99.738	98.837	99.556	99.671	
390	99.682	100.000	99.990	99.355	96.386	99.661	99.720	99.738	98.837	99.556	99.671	
391	99.682	100.000	99.990	99.355	96.386	99.661	99.720	99.738	98.837	99.556	99.671	
392	99.682	100.000	99.990	99.355	96.386	99.661	99.720	99.738	98.837	99.556	99.671	
393	99.682	100.000	99.990	99.355	96.386	99.661	99.720	99.738	98.837	99.556	99.671	
394	99.682	100.000	99.990	99.355	96.386	99.661	99.720	99.738	98.837	99.556	99.671	
395	99.682	100.000	99.990	99.355	96.386	99.661	99.720	99.738	98.837	99.556	99.671	
396	99.682	100.000	99.990	99.355	96.386	99.661	99.720	99.738	98.837	99.556	99.671	
397	99.682	100.000	99.990	99.355	96.386	99.661	99.720	99.738	98.837	99.556	99.671	
398	99.682	100.000	99.990	99.355	96.386	99.661	99.720	99.738	98.837	99.556	99.671	
399	99.682	100.000	99.990	99.355	96.386	99.661	99.720	99.738	98.837	99.556	99.671	
400	99.682	100.000	99.990	99.355	96.386	99.661	99.720	99.738	98.837	99.556	99.671	
Total	22929	12	10011	7439	83	1180	357	1146	430	450	1821	
