# Lines	Inclusion	Expansion	Any
0	561449	669007	530134
1	78224	118094	86825
2	49144	54271	34914
3	37640	21840	41208
4	23793	8790	25767
5	17873	5262	23554
6	8485	4284	16767
7	6545	3048	10750
8	11311	2372	7470
9	5356	1478	8976
10	8290	1161	9664
11	5430	550	9391
12	2463	572	3602
13	5956	446	5432
14	4084	1276	5254
15	1893	425	2650
16	1504	236	2174
17	1670	344	2400
18	856	246	1721
19	1117	185	1203
20	461	101	902
21	543	70	1106
22	801	31	1112
23	639	49	795
24	401	66	715
25	626	37	847
26	217	35	696
27	309	29	195
28	1580	20	358
29	1334	57	1302
30	624	42	830
31	357	43	662
32	200	33	571
33	416	45	399
34	160	10	657
35	466	3	415
36	708		996
37	971	4	410
38	3655	21	3184
39	900	14	756
40	222	5	498
41	433	2	351
42	207		210
43	571	1	390
44	238	7	703
45	69		370
46	735		909
47	169		216
48	1473		285
49	109		1470
50	267		159
51	736		626
52	836		814
53	186		289
54	337		218
55	39		423
56	114		83
57	82		141
58	30		84
59	26		129
60	29		54
61	8		59
62	349		379
63	551		521
64	204		127
65	29		140
66	365		305
67	232		197
68	123		171
69	536		429
70	245		247
71	837	1	525
72	145	1	125
73	167		378
74	69		100
75	543		382
76	332		521
77	360		474
78	230		138
79	70		87
80	43		86
81	23		58
82	22		49
83	26		82
84	73		66
85	59		73
86	63		65
87	482		352
88	44		83
89	22		48
90	63		89
91	29		42
92	15		27
93	2		46
94	10		21
95	1		18
96			4
97	8		6
98	54		60
99	12		21
100	374		364
101	285		72
102	136		136
103	222		234
104	1234		1218
105	66		129
106	857		577
107	247		276
108	399		264
109	461		530
110	106		258
111	126		55
112	25		180
113	239		149
114	131		36
115	58		384
116	125		123
117	227		214
118	127		132
119	65		72
120	1715		342
121	528		832
122	114		233
123	882		822
124	861		664
125	161		186
126	2801		2364
127	245		465
128	958		1077
129	721		771
130	304		394
131	14		67
132	42		63
133	25		489
134	38		523
135	101		82
136	317		157
137	64		162
138	1363		1415
139	2057		2005
140	105		251
141	136		109
142	327		158
143	138		67
144	96		55
145	12		187
146	7		56
147	4		43
148	22		58
149	18		34
150	450		321
151	278		147
152	114		228
153	62		180
154	19		26
155	2		19
156	8		18
157	16		8
158	25		4
159	24		109
160	19		36
161	4		17
162	8		14
163	22		27
164	8		12
165			12
166	261		42
167	170		257
168	35		74
169	1083		774
170	425		475
171	229		292
172	372		295
173	98		217
174	210		167
175	319		190
176	72		156
177	161		164
178	90		144
179	90		82
180	765		784
181	133		140
182	99		135
183	59		86
184	139		51
185	819		708
186	245		153
187	257		237
188	1037		125
189	362		106
190	106		50
191	57		179
192	322		823
193	42		71
194	557		482
195	78		180
196	46		184
197	26		104
198	44		124
199	29		63
200	38		33
201	11		106
202	1		59
203	9		7
204	3		172
205	11		68
206	11		86
207	11		33
208	2		25
209	30		36
210	3		38
211	2		61
212	10		54
213			39
214			18
215			18
216			5
217	3		15
218			1
219	2		2
220			2
221	38		39
222			27
223	4		5
224	16		9
225			5
226			4
227			2
228			
229			2
230	1		
231			1
232			3
233	11		4
234			
235	382		
236	118		62
237	91		364
238	49		74
239	6		29
240	4		17
241	4		76
242	1		11
243			12
244	4		5
245			1
246	1		16
247			
248			3
249			
250	3		1
251			
252			
253			
254			
255	3		3
256			
257			
258	10		10
259	1		2
260	2005		1934
261	76		100
262	43		20
263	82		33
264	20		100
265	7		27
266	6		12
267	81		22
268	2		1
269			70
270	3		5
271			
272			
273			
274			3
275	2		1
276			1
277	4		2
278			1
279	2		
280			2
281			
282			
283			2
284			
