 	Null	 	 	 		Type	Not	 	Unknown	Failed
Package	define	Constant	Expression	Statement	Syntactic	related	C code	Other	symbol	classification
bash	15.493	46.009	28.638	3.638	0.117	1.643	0.000	0.587	1.174	2.700
bc	8.000	58.400	14.000	6.000	3.200	2.000	0.000	0.400	6.000	2.000
bison	3.125	78.125	14.583	1.042	0.000	0.000	0.000	1.042	2.083	0.000
cvs	6.098	50.949	22.764	7.046	0.949	0.813	0.000	2.981	7.453	0.949
emacs	9.979	28.904	48.759	5.222	0.207	2.689	0.879	1.241	1.189	0.931
flex	5.802	59.044	17.747	10.239	0.683	2.048	0.000	0.683	2.730	1.024
fvwm	3.170	82.884	10.618	1.902	0.000	0.792	0.000	0.475	0.158	0.000
gawk	5.859	30.101	48.889	7.879	1.212	1.414	0.000	1.616	2.424	0.606
gcc	3.304	39.881	43.155	5.804	0.417	1.667	0.000	2.202	2.054	1.518
genscript	5.983	59.829	23.077	6.838	0.000	0.000	0.000	4.274	0.000	0.000
ghostview	4.167	70.833	11.667	2.500	0.833	3.333	0.000	0.833	2.500	3.333
gnuchess	4.211	70.175	17.544	2.105	0.000	0.351	0.000	2.807	2.456	0.351
gnuplot	6.942	59.051	27.417	0.439	0.000	0.176	0.000	3.163	2.373	0.439
gs5	8.020	23.745	46.069	8.161	0.649	3.949	0.000	0.421	5.283	3.703
gzip	23.864	41.818	17.955	5.682	0.227	4.545	0.000	0.455	4.773	0.682
m4	7.324	23.662	50.423	10.704	0.563	2.535	0.000	1.127	1.408	2.254
mosaic	8.387	56.503	17.768	1.848	0.355	2.203	0.071	1.279	9.097	2.488
perl	7.764	12.221	33.249	2.480	0.144	1.438	0.000	0.971	39.216	2.516
plan	4.150	77.273	9.091	4.348	0.198	0.988	0.000	0.593	2.174	1.186
python	7.034	34.030	17.966	2.852	0.760	3.422	0.000	16.350	16.920	0.665
rasmol	2.848	83.228	8.386	4.272	0.000	0.000	0.000	0.633	0.633	0.000
rcs	5.357	50.298	24.107	3.571	1.786	2.381	0.000	1.786	5.060	5.655
remind	1.707	78.049	12.195	1.951	0.488	0.732	0.000	1.951	2.927	0.000
workman	0.741	85.926	10.370	1.481	0.000	0.000	0.000	0.000	1.481	0.000
xfig	3.384	71.834	19.432	2.948	0.000	0.655	0.218	0.655	0.764	0.109
zephyr	9.404	61.239	19.381	3.899	1.147	1.147	0.000	1.720	1.606	0.459
zsh	2.759	65.563	23.620	2.870	0.993	1.766	0.000	0.221	0.552	1.656
Total	6.997	41.792	32.404	4.892	0.478	2.119	0.075	1.798	7.580	1.865
Total-raw	1872	11182	8670	1309	128	567	20	481	2028	499
