No. distinct defs	Total	command_line_arguments	constant	expression	mismatched_entities	null_define	reserved_word	statement	type	uncategorized	unknown_symbol	
1	91.332	66.667	96.006	86.857	44.578	99.830	92.068	80.918	73.318	66.364	98.297	
2	98.634	100.000	99.413	97.491	100.000	100.000	99.433	98.740	97.912	92.273	99.725	
3	99.548	100.000	99.874	99.146	100.000	100.000	100.000	99.640	99.304	96.136	99.890	
4	99.799	100.000	99.906	99.674	100.000	100.000	100.000	99.640	100.000	98.409	99.945	
5	99.906	100.000	99.948	99.878	100.000	100.000	100.000	99.820	100.000	99.091	99.945	
6	99.937	100.000	99.948	99.946	100.000	100.000	100.000	99.910	100.000	99.318	99.945	
7	99.955	100.000	99.969	99.959	100.000	100.000	100.000	100.000	100.000	99.318	99.945	
8	99.960	100.000	99.969	99.959	100.000	100.000	100.000	100.000	100.000	99.318	100.000	
9	99.960	100.000	99.969	99.959	100.000	100.000	100.000	100.000	100.000	99.318	100.000	
10	99.973	100.000	100.000	99.959	100.000	100.000	100.000	100.000	100.000	99.318	100.000	
11	99.978	100.000	100.000	99.959	100.000	100.000	100.000	100.000	100.000	99.545	100.000	
12	99.982	100.000	100.000	99.959	100.000	100.000	100.000	100.000	100.000	99.773	100.000	
13	99.987	100.000	100.000	99.959	100.000	100.000	100.000	100.000	100.000	100.000	100.000	
14	99.987	100.000	100.000	99.959	100.000	100.000	100.000	100.000	100.000	100.000	100.000	
15	99.987	100.000	100.000	99.959	100.000	100.000	100.000	100.000	100.000	100.000	100.000	
16	99.987	100.000	100.000	99.959	100.000	100.000	100.000	100.000	100.000	100.000	100.000	
17	99.987	100.000	100.000	99.959	100.000	100.000	100.000	100.000	100.000	100.000	100.000	
18	99.991	100.000	100.000	99.973	100.000	100.000	100.000	100.000	100.000	100.000	100.000	
19	99.991	100.000	100.000	99.973	100.000	100.000	100.000	100.000	100.000	100.000	100.000	
20	99.991	100.000	100.000	99.973	100.000	100.000	100.000	100.000	100.000	100.000	100.000	
Total	22336	12	9539	7373	83	1174	353	1111	431	440	1820	
