	Mean	not_c_code	constant	expression	syntactic	null_define	other	statement	type_related	failure	unknown_symbol	
0	71.566	99.130	34.839	32.143	95.484	99.724	14.708	56.738	27.617	98.855	
1	89.446	99.770	78.741	84.524	98.276	99.724	53.786	88.180	53.229	99.945	
2	95.105	99.920	90.395	90.476	98.851	100.000	79.373	97.636	69.710	100.000	
3	97.629	99.950	95.645	94.048	99.343	100.000	90.426	99.054	79.955	100.000	
4	98.515	99.990	97.327	95.238	99.672	100.000	94.343	99.527	85.078	100.000	
5	98.882	99.990	97.924	98.810	99.836	100.000	96.606	99.527	87.082	100.000	
6	99.183	100.000	98.426	98.810	99.918	100.000	98.085	99.764	89.755	100.000	
7	99.432	100.000	98.915	100.000	99.918	100.000	98.869	99.764	92.205	100.000	
8	99.594	100.000	99.240	100.000	100.000	100.000	98.956	100.000	94.432	100.000	
9	99.721	100.000	99.484	100.000	100.000	100.000	99.391	100.000	95.768	100.000	
10	99.817	100.000	99.647	100.000	100.000	100.000	99.565	100.000	97.550	100.000	
11	99.865	100.000	99.702	100.000	100.000	100.000	99.652	100.000	98.886	100.000	
12	99.886	100.000	99.742	100.000	100.000	100.000	99.739	100.000	99.109	100.000	
13	99.917	100.000	99.810	100.000	100.000	100.000	99.913	100.000	99.109	100.000	
14	99.948	100.000	99.878	100.000	100.000	100.000	100.000	100.000	99.332	100.000	
15	99.961	100.000	99.919	100.000	100.000	100.000	100.000	100.000	99.332	100.000	
16	99.974	100.000	99.946	100.000	100.000	100.000	100.000	100.000	99.555	100.000	
17	99.974	100.000	99.946	100.000	100.000	100.000	100.000	100.000	99.555	100.000	
18	99.983	100.000	99.959	100.000	100.000	100.000	100.000	100.000	99.777	100.000	
19	99.987	100.000	99.973	100.000	100.000	100.000	100.000	100.000	99.777	100.000	
20	100.000	100.000	100.000	100.000	100.000	100.000	100.000	100.000	100.000	100.000	
