   0	bash	bc	bison	cvs		flex	fvwm	gawk	gcc	genscript	ghostview	gnuchess	gnuplot	gs	gzip	m4	mosaic	perl	plan	rasmol	rcs	remind	workman	xfig	zephyr	zsh
   0	22329	5886	5960	20084		8909	25106	9814	145959	5554	6081	8091	13231	75747	2620	4990	35379	24975	16135	13506	7896	5876	5628	35672	16702	29377
   1	2516	910	377	1829		779	1728	1850	16415	659	904	2247	8467	7517	406	1014	6871	6785	1799	1128	669	686	2514	894	4232	3151
   2	529	489	97	1056		144	1982	815	24145	4	148	847	2021	2202	178	1074	1727	2560	2046	1412	1209	273	513	167	2057	869
   3	1129	69	34	215		212	245	209	12350	731	105	670	259	4301	106	137	638	11761	144	351	749	1890	88	167	637	300
   4	319	108	9	832		121	157	99	9187	44	18	141	132	3909	47	52	271	4500	55	782	193	1447	7	376	209	74
   5	77	109	62	6284		122	212	171	3144	79	170	45	260	940	39	48	488	3399	108	399	324	127	0	242	88	97
   6	31	73	12	2448		62	36	42	1756	0	197	9	514	1338	48	108	94	955	44	49	76	79	5	22	21	75
   7	114	66	0	533		24	0	12	1338	0	121	155	717	1443	65	6	321	744	14	31	60	299	0	11	19	82
   8	5	2	0	443		2	0	4	2180	0	26	7	1085	1999	15	12	1140	390	3	11	15	21	0	552	64	21
   9	0	19	0	417		8	0	1	582	0	136	18	315	2881	20	10	62	240	9	2	38	11	0	28	53	21
  10	2059	0	0	93		0	0	110	3468	0	63	11	577	737	369	1	53	163	0	0	19	2	86	26	334	0
  11	2598	0	0	451		0	0	11	360	0	16	48	320	738	133	22	18	412	0	0	8	2	0	29	183	3
  12	345	0	0	106		0	113	11	181	0	7	5	635	461	87	1	23	204	0	0	2	2	5	6	79	16
  13	1066	0	0	72		0	1081	3	2061	0	3	0	292	388	88	0	45	272	0	0	4	29	12	0	36	108
  14	949	0	0	26		0	29	7	1893	0	22	0	32	387	162	2	82	343	0	0	21	17	0	0	2	53
  15	88	0	0	48		39	318	1	685	0	6	0	301	90	36	0	37	114	0	5	5	32	4	0	7	42
  16	433	22	0	24		0	56	0	223	0	0	7	65	455	21	29	9	108	0	0	15	9	0	0	23	1
  17	289	1	0	8		0	6	0	268	0	6	4	105	674	51	2	147	27	0	0	7	24	4	0	26	4
  18	198	0	0	13		0	0	0	95	0	2	71	54	262	33	0	10	52	0	0	10	0	0	0	29	0
  19	111	0	0	31		0	0	0	120	0	0	1	33	636	15	4	27	58	0	0	3	0	55	0	11	1
  20	145	0	0	40		4	0	6	88	0	1	0	10	86	8	0	0	63	0	0	2	0	0	0	1	6
  21	140	0	0	22		0	0	0	147	0	0	0	32	60	17	0	6	113	0	0	0	0	0	0	1	0
  22	44	1	0	38		0	0	0	309	0	0	0	19	47	58	0	182	90	0	0	0	0	0	1	1	0
  23	59	0	0	29		0	0	0	326	0	8	0	2	60	7	0	102	41	0	0	0	0	0	0	0	1
  24	6	0	0	59		0	0	0	242	0	0	4	7	51	10	0	8	11	0	0	0	0	0	0	0	0
  25	31	0	0	41		0	0	0	471	0	0	0	0	62	5	0	11	4	0	0	0	0	0	0	0	0
  26	32	0	0	54		0	0	10	32	0	0	0	0	49	0	0	32	5	0	0	0	0	0	0	0	0
  27	4	6	0	13		0	0	0	45	0	0	0	0	103	5	0	68	9	0	0	0	0	0	0	55	0
  28	2	0	0	10		0	0	0	5	0	0	0	0	1360	0	0	2	1	0	0	0	0	10	0	159	30
  29	0	0	0	0		0	0	5	61	0	0	0	0	1224	0	0	4	30	0	0	0	0	0	0	9	1
  30	56	0	0	2		0	0	0	2	0	0	0	3	490	0	1	2	35	0	0	0	0	8	0	0	25
  31	42	4	0	2		0	0	0	21	0	0	0	0	84	3	0	0	80	0	0	0	0	114	0	6	1
  32	12	0	0	3		0	0	0	46	0	0	0	0	85	3	0	4	21	0	0	0	0	0	0	26	0
  33	26	0	0	16		0	0	0	24	0	0	0	0	58	0	0	1	30	0	0	0	0	0	0	261	0
  34	1	0	0	8		0	0	0	0	0	0	0	0	50	1	0	0	55	0	0	0	0	0	0	45	0
  35	9	0	0	7		0	0	0	3	0	29	0	0	6	0	0	320	77	0	0	0	0	0	0	15	0
  36	2	0	0	0		0	0	0	1	0	25	0	0	92	0	0	553	26	0	0	0	0	8	0	1	0
  37	1	0	0	3		0	0	0	0	0	0	0	0	144	0	0	763	33	0	0	0	0	16	0	0	5
  38	2	0	0	0		0	0	0	79	0	0	0	0	3396	0	0	87	87	0	0	0	0	4	0	0	0
  39	1	0	0	0		0	0	0	5	0	0	0	0	878	0	0	2	14	0	0	0	0	0	0	0	0
  40	1	0	0	0		0	0	0	0	0	0	0	0	205	0	0	14	0	0	0	0	0	2	0	0	0
  41	4	0	0	0		0	0	0	0	0	0	0	0	381	0	0	46	2	0	0	0	0	0	0	0	0
  42	24	0	0	2		0	0	0	0	0	0	0	0	168	0	0	13	0	0	0	0	0	0	0	0	0
  43	77	0	0	1		0	0	0	0	0	0	0	0	60	0	0	20	6	0	0	407	0	0	0	0	0
  44	29	0	0	1		0	0	0	0	0	0	0	0	27	0	0	9	2	23	0	147	0	0	0	0	0
  45	5	0	0	0		0	0	0	0	0	0	0	0	10	0	0	4	0	11	0	39	0	0	0	0	0
  46	9	0	0	0		44	0	0	0	0	0	0	0	187	0	0	0	0	477	0	4	0	14	0	0	0
  47	5	0	0	0		1	0	0	0	0	0	0	0	61	0	0	28	0	58	0	6	0	10	0	0	0
  48	2	0	0	0		2	0	0	0	0	0	0	0	57	0	0	2	0	1398	0	12	0	0	0	0	0
  49	3	20	0	0		0	0	0	0	0	0	0	0	8	0	0	0	0	75	0	3	0	0	0	0	0
  50	9	12	0	0		20	0	0	0	0	0	2	0	22	0	0	0	0	202	0	0	0	0	0	0	0
  51	2	1	0	0		3	0	0	0	0	0	1	0	134	0	0	0	0	587	0	8	0	0	0	0	0
  52	5	0	0	0		0	0	0	0	0	0	0	0	159	0	526	2	0	112	0	32	0	0	0	0	0
  53	0	0	0	0		0	0	0	0	0	0	0	0	22	0	122	0	0	34	0	8	0	0	0	0	0
  54	0	0	0	0		0	0	0	0	0	0	0	0	2	0	23	0	0	312	0	0	0	0	0	0	0
  55	0	0	0	0		0	0	0	0	0	0	0	0	0	0	1	19	0	19	0	0	0	0	0	0	0
  56	0	0	0	0		0	0	0	0	0	0	0	0	8	0	12	4	0	16	0	74	0	0	0	0	0
  57	0	0	0	0		0	0	0	0	0	0	0	0	6	0	4	0	0	16	0	10	46	0	0	0	0
  58	0	0	0	0		0	0	0	0	0	0	0	0	0	0	29	0	0	0	0	0	1	0	0	0	0
  59	0	0	0	0		0	0	0	0	0	0	0	0	0	0	0	0	0	0	0	0	26	0	0	0	0
  60	0	0	0	0		15	0	0	0	0	0	0	0	0	0	13	0	0	0	0	0	1	0	0	0	0
  61	0	0	0	0		0	0	0	0	0	0	0	0	0	0	8	0	0	0	0	0	0	0	0	0	0
  62	0	0	348	0		1	0	0	0	0	0	0	0	0	0	0	0	0	0	0	0	0	0	0	0	0
  63	0	99	67	0			0	0	0	347	0	0	0	0	0	0	38	0	0	0	0	0	0	0	0	0
  64	0	5	10	0			0	0	0	166	0	0	0	0	0	0	23	0	0	0	0	0	0	0	0	0
  65	0	1	0	0			0	0	0	18	0	0	0	0	0	0	9	0	0	0	0	1	0	0	0	0
  66	0	0	0	0			0	0	0	1	0	0	0	0	0	0	362	0	0	0	1	1	0	0	0	0
  67	0	0	0	0			0	0	0	0	0	0	0	0	0	0	155	0	0	0	14	63	0	0	0	0
  68	0	0	0	0			0	0	0	0	0	0	0	0	0	0	117	0	0	0	0	6	0	0	0	0
  69	0	0	0	0			0	450	0	0	0	0	0	0	0	8	77	0	0	0	0	1	0	0	0	0
  70	0	0	0	0			0	97	0	0	0	48	0	0	0	0	9	0	0	0	20	71	0	0	0	0
  71	0	0	184	0			0	14	0	20	0	39	0	0	0	0	569	0	0	0	4	7	0	0	0	0
  72	0	0	12	0			0	29	0	2	0	9	0	0	0	0	76	0	0	0	16	1	0	0	0	0
  73	0	0	1	0			0	42	0	0	0	0	0	0	0	0	120	0	0	0	4	0	0	0	0	0
  74	0	0	0	0			0	57	0	0	0	2	0	0	0	0	10	0	0	0	0	0	0	0	0	0
  75	0	0	73	0			0	0	0	0	0		0	0	0	229	241	0	0	0	0	0	0	0	0	0
  76	0	12	1	0			0	2	0	207	0		0	0	0	69	41	0	0	0	0	0	0	0	0	0
  77	0			0			0	32	0	3	0		0	0	311	9	4	0	0	1	0	0	0	0	0	0
  78	0			0			0	94	0	1	0		0	0	63	52	3	0	0	17	0	0	0	0	0	0
  79	0			0			0	18	0	9	0		0	0	11	31	1	0	0	0	0	0	0	0	0	0
  80	0			0			0	2	0	0	0		14	0	6	19	0	0	0	2	0	0	0	0	0	0
  81	0			0			0	2	0	0	0		19	0	0	1	0	0	0	0	0	1	0	0	0	0
  82	0			0			0	0	0	6	0		16	0	0	0	0	0	0	0	0	0	0	0	0	0
  83	0			0			0	0	0	0	0		11	0	0	13	0	0	0	0	0	0	0	0	0	0
  84	0			0			0	0	0	0	0		38	0	0	35	0	0	0	0	0	0	0	0	0	0
  85	0			0			0	0	0	0	0		48	0	6	3	0	0	0	0	0	2	0	0	0	0
  86	0			0			0	0	0	6	0		5	0	1	8	0	0	0	32	0	0	0	0	0	0
  87	0			0			0	472	0		0		6	0	1	0	0	0	0	0	0	0	0	0	0	0
  88	0			0			0	39	0		0		0	0	2	0	0	0	0	3	0	0	0	0	0	0
  89	0			0			0	1	0		0		4	0	0	17	0	0	0	0	0	0	0	0	0	0
  90	0			0			0	5	0		0		4	0	51	2	0	0	0	0	0	0	0	0	0	0
  91	0			0			0	11	0		0		0	0	11	1	3	0	0	0	0	0	0	0	0	0
  92	0			0			0	0	0		0		0	0	13	0	0	0	0	2	0	0	0	0	0	0
  93	0			0			0	0	0		0		0	0	2	0	0	0	0	0	0	0	0	0	0	0
  94	0			0			0	5	0		0		1	0	2	0	2	0	0	0	0	0	0	0	0	0
  95	0			0			0	0	0		0		1	0		0	0	0	0	0	0	0	0	0	0	0
  96	0			0			0	0	0		0		0	0		0	0	0	0	0	0	0	0	0	0	0
  97	0			0			0	0	0		0		0	0		0	8	0	0	0	0	0	0	0	0	0
  98	0			0			0	0	0		0		0	0		0	0	0	0	54	0	0	0	0	0	0
  99	0			0			0	0	0		0		0	0		2	0	0	0	6	0	0	0	0	0	0
 100	0			0			0	0	0		0		336	0		0	38	0	0	0	0	0	0	0	0	0
 101	0			0			0	0	0		32		69	0		0	2	0	0	0	0	0	0	0	0	182
 102	0			0			0	0	0		56		7	0		0	1	0	0	0	0	0	0	0	0	41
 103	0			0			0	0	0		5		9	0		0	38	0	0	0	1	0	0	0	0	169
 104	0			0			0	0	0		4		4	0		0	23	0	0	0		0	0	0	0	53
 105	0			0			0	0	0		9		0	0		0	22	0	0	1		0	0	0	0	8
 106	0			0			0	0	828		1		0	0		0	5	0	0			0	0	0	0	11
 107	0			0			0	0	110		0		0	0		0	0	0	0			0	0	0	0	4
 108	0			0			0	0	231		8		0	0		0	0	0	0			0	0	0	0	106
 109	0			0			0	0	357		9		1	0		0	0	0	0			0	0	0	0	93
 110	0			0			0	0	28		1		58	0		0	0	0	0			0	0	0	0	1
 111	0			0			0	0	21		1			0		0	0	0	0			0	0	0	0	1
 112	0			0			21	0	3		0			0		0	0	0	0			0	0	0	0	1
 113	0			0			221	0	17		0			0		0	0	0	0			1	0	0	0	0
 114	0			0			107	0	23		1			0		0	0	0	0				0	0	0	0
 115	0			0			21	0	37		0			0		0	0	0	0				0	0	0	0
 116	0			0			0	0	5		0			0		0	0	0	0				0	120	0	0
 117	0			0			0	0	5		197			0		0	0	0	0				0	25	0	0
 118	0			0			0	0	15		54			0		0	0	0	0				8	50	0	0
 119	0			0			0	0	43		0			0		1	0	0	0				0	19	0	2
 120	0			872			0	0	0		1			0		2	0	0	0				0	835	0	1
 121	0			483			0	0	0		12			0			0	0	0				0	33	0	0
 122	0			88			22	0	1		2			0			0	0	0				0	1	0	0
 123	0			44			6	0	0		1			0			0	0	0				0	39	0	792
 124	0			23			16	0	491		0			0			0	0	0				0	172	0	159
 125	0			39			4	0	14		43			0			0	0	0				0	8	0	53
 126	0			14			0	5	2727		0			0			0	0	0				0	2	0	53
 127	0			2			0		207		0			0			0	0	0				0	30	0	6
 128	0			0			916		40		0			0			0	0	0				0	2	0	0
 129	0			1			44		11		13			0			0	0	0				651	0	0	1
 130	0			140			1		10					0			0	0	0				142	0	0	10
 131	0			7			1		2					0			0	0	0				1	1	0	2
 132	0			1			0		40					0			0	0	0					0	0	1
 133	0			13			5		0					0			0	0	0					0	0	0
 134	0			2			0		2					0			0	0	0					0	0	34
 135	0			4			0		0					0			0	74	0					12	0	11
 136	0			1			0		3					0			0	313	0					0	0	0
 137	0			0			0		3					0			0	52	0					1	0	8
 138	0			0			0		0					0			0	66	0					1296	0	1
 139	0			1899			0		0					0			0	126	0					32	0	
 140	0			56			0		1					0			0	46	0					2	0	
 141	0			51			0		0					0			0	72	0					13	0	
 142	0			7			0		0					0			0	316	0					4	0	
 143	0			2			2		87					0			0	46	0					1	0	
 144	0			3			2		0					0			0	49	0					37	0	
 145	0			4			0		2					0			0	6	0					0	0	
 146	0			2			2		0					0			0	0	0					3	0	
 147	0			2			2		0					0			0	0	0					0	0	
 148	0			3			19		0					0			0	0	0					0	0	
 149	0			0					10					0			0	8	0					0	0	
 150	437			0					13					0			0	0	0					0	0	
 151	278			0										0			0	0	0					0	0	
 152	104			0										0			0	10	0					0	0	
 153	62			0										0			0	0	0					0	0	
 154	18			0										0			0	1	0					0	0	
 155	1			0										0			0	1	0					0	0	
 156	8			0										0			0	0	0					0	0	
 157	16			0										0			0	0	0					0	0	
 158	21			0										0			0	4	0					0	0	
 159	17			7										0			0	0	0					0	0	
 160	10			9										0			0	0	0					0	0	
 161	3			1										0			0	0	0					0	0	
 162	3			4										0			0	1	0					0	0	
 163	10			9										0			0	3	0					0	0	
 164	4			0										0			0	4	0					0	0	
 165	0			0										0			0	0	0					0	0	
 166	1			0										260			0	0	0					0	0	
 167	2			0										168			0	0	0					0	0	
 168	1			0										34			0	0	0					0	0	
 169	0			0										104			0	0	0					0	979	
 170	0			0										18			0	0	0					0	407	
 171	0			0										6			0	0	0					0	223	
 172	0			3										13			0	0	143					0	213	
 173	0			2										14			0	0	46					0	36	
 174	0			1										108			0	6	66					0	29	
 175	0													61			0	235	20					0	3	
 176	0													30			0	33	7					2	0	
 177	0													18			0	136	6						1	
 178	0													19			0	63	8						0	
 179	0													22			0	68	0						0	
 180	717													26			0	22	0						0	
 181	88													13			0	20	12						0	
 182	64													23			0	12	0						0	
 183	20													30			0	2	7						0	
 184	0													138			0	1	0						0	
 185	0													819			0	0	0						0	
 186	0													244			0	1	0						0	
 187	0													84			0	0	173						0	
 188	8													1022			0	0	7						0	
 189	20													341			0	1	0						0	
 190	11													91			0	0	4						0	
 191	0													39			0	0	18						0	
 192	8													308			0	5	1						0	
 193	12													30			0	0	0						0	
 194	11													38			0	0	0						508	
 195	0													20			0	0	0						58	
 196	0													18			0	0	0						28	
 197	0													11			0	0	0						15	
 198	3													0			0	28	0						13	
 199	0													7			0	1	0						21	
 200	3													10			0	0	0						25	
 201	0													11			0	0	0						0	
 202	0													1			0	0	0						0	
 203	0													0			0	0	0						9	
 204	0													3			0	0	0						0	
 205	0													10			0	0	0						1	
 206	0													3			0	0	0						8	
 207	0													11			0	0	0						0	
 208	0													0			0	0	0						2	
 209	0													0			0	0	9						21	
 210	0													0			0	0	0						3	
 211	0													0			0	0	0						2	
 212	0													0			0	0	10						0	
 213	0													0			0	0	0						0	
 214	0													0			0	0	0						0	
 215	0													0			0	0	0						0	
 216	0													0			0	0	0						0	
 217	0													0			0	0	3						0	
 218	0													0			0	0							0	
 219	0													2			0	0							0	
 220	0													0			0	0							0	
 221	0													38			0	0							0	
 222	0													0			0	0							0	
 223	0													4			0	0							0	
 224	0													16			0	0							0	
 225	0																0	0							0	
 226	0																0	0							0	
 227	0																0	0							0	
 228	0																0	0							0	
 229	0																0	0							0	
 230	0																0	1							0	
 231	0																0								0	
 232	0																0								0	
 233	11																0								0	
 234																	0								0	
 235																	382								0	
 236																	118								0	
 237																	91								0	
 238																	49								0	
 239																	3								3	
 240																	4								0	
 241																	4								0	
 242																	1								0	
 243																	0								0	
 244																	4								0	
 245																	0								0	
 246																	0								1	
 247																	0								0	
 248																	0								0	
 249																	0								0	
 250																	0								3	
 251																	0									
 252																	0									
 253																	0									
 254																	0									
 255																	3									
 256																	0									
 257																	0									
 258																	10									
 259																	1									
 260																	2005									
 261																	76									
 262																	43									
 263																	82									
 264																	20									
 265																	7									
 266																	6									
 267																	81									
 268																	2									
 269																	0									
 270																	3									
 271																	0									
 272																	0									
 273																	0									
 274																	0									
 275																	2									
 276																	0									
 277																	4									
 278																	0									
 279																	2									
