No. defs	Total	bash	bc	bison	cvs	emacs	flex	fvwm	gawk	gcc	genscript	ghostview	gnuchess	gnuplot	gs5	gzip	m4	mosaic	perl	plan	python	rasmol	rcs	remind	workman	xfig	zephyr	zsh	
1	86.515	65.905	63.889	85.526	78.297	78.012	82.573	84.407	81.638	82.097	93.458	69.892	81.951	92.157	89.516	66.788	78.930	89.781	93.049	82.310	93.548	94.828	70.943	94.695	93.496	95.622	80.728	90.822	
2	96.150	86.623	97.222	97.368	92.988	93.941	97.095	96.050	94.541	92.375	98.131	90.323	94.634	97.451	97.670	88.321	95.987	97.405	98.175	96.069	98.023	97.931	92.075	97.613	99.187	98.502	97.170	98.689	
3	98.111	95.922	99.444	98.684	95.993	97.141	99.585	98.337	98.511	95.151	99.065	96.774	97.073	98.333	98.712	92.336	98.328	98.702	99.456	99.017	98.751	99.310	97.736	99.204	99.187	99.194	98.518	99.642	
4	98.894	98.206	99.444	98.684	98.998	98.843	99.585	98.337	99.256	96.022	99.065	98.925	100.000	99.118	99.387	95.620	98.662	99.189	99.767	100.000	99.480	99.483	97.736	99.735	99.187	99.309	99.057	99.881	
5	99.405	99.184	100.000	98.684	98.998	99.251	100.000	98.337	99.504	98.923	99.065	100.000	100.000	99.608	99.510	97.080	98.662	99.513	99.806	100.000	99.792	99.483	97.736	100.000	100.000	99.654	99.057	99.881	
6	99.606	99.347	100.000	98.684	99.165	99.387	100.000	98.545	99.504	99.378	99.065	100.000	100.000	99.804	99.734	98.540	98.662	99.676	99.961	100.000	99.896	99.828	98.113	100.000	100.000	99.654	99.326	99.881	
7	99.691	99.674	100.000	98.684	99.332	99.387	100.000	99.168	99.752	99.461	99.065	100.000	100.000	99.804	99.816	99.270	98.662	99.757	99.961	100.000	99.896	100.000	98.113	100.000	100.000	99.770	99.461	99.881	
8	99.749	99.674	100.000	100.000	99.332	99.455	100.000	99.376	99.752	99.586	99.065	100.000	100.000	99.804	99.857	99.635	98.997	99.838	99.961	100.000	99.896	100.000	98.491	100.000	100.000	99.770	99.596	99.881	
9	99.758	99.674	100.000	100.000	99.332	99.523	100.000	99.376	99.752	99.586	99.065	100.000	100.000	99.804	99.877	99.635	98.997	99.838	99.961	100.000	99.896	100.000	98.491	100.000	100.000	99.770	99.596	99.881	
10	99.803	99.674	100.000	100.000	99.499	99.592	100.000	99.376	99.752	99.710	100.000	100.000	100.000	99.902	99.898	100.000	98.997	99.838	99.961	100.000	99.896	100.000	98.491	100.000	100.000	99.770	99.596	100.000	
11	99.825	99.674	100.000	100.000	99.499	99.660	100.000	99.376	99.752	99.710	100.000	100.000	100.000	99.902	99.918	100.000	99.331	99.838	99.961	100.000	100.000	100.000	98.491	100.000	100.000	99.770	99.730	100.000	
12	99.848	99.837	100.000	100.000	99.499	99.660	100.000	99.376	99.752	99.793	100.000	100.000	100.000	99.902	99.959	100.000	99.331	99.838	99.961	100.000	100.000	100.000	98.491	100.000	100.000	99.770	99.730	100.000	
13	99.884	99.837	100.000	100.000	99.666	99.660	100.000	99.584	100.000	99.793	100.000	100.000	100.000	100.000	99.959	100.000	99.666	99.919	100.000	100.000	100.000	100.000	98.491	100.000	100.000	99.770	99.865	100.000	
14	99.897	99.837	100.000	100.000	99.666	99.728	100.000	99.584	100.000	99.793	100.000	100.000	100.000	100.000	99.959	100.000	99.666	100.000	100.000	100.000	100.000	100.000	98.868	100.000	100.000	99.770	99.865	100.000	
15	99.919	99.837	100.000	100.000	99.833	99.796	100.000	99.584	100.000	99.834	100.000	100.000	100.000	100.000	99.959	100.000	100.000	100.000	100.000	100.000	100.000	100.000	99.245	100.000	100.000	99.770	99.865	100.000	
16	99.928	99.837	100.000	100.000	99.833	99.796	100.000	100.000	100.000	99.834	100.000	100.000	100.000	100.000	99.959	100.000	100.000	100.000	100.000	100.000	100.000	100.000	99.245	100.000	100.000	99.770	99.865	100.000	
17	99.937	99.837	100.000	100.000	100.000	99.796	100.000	100.000	100.000	99.834	100.000	100.000	100.000	100.000	99.959	100.000	100.000	100.000	100.000	100.000	100.000	100.000	99.245	100.000	100.000	99.885	99.865	100.000	
18	99.946	99.837	100.000	100.000	100.000	99.864	100.000	100.000	100.000	99.876	100.000	100.000	100.000	100.000	99.959	100.000	100.000	100.000	100.000	100.000	100.000	100.000	99.245	100.000	100.000	99.885	99.865	100.000	
19	99.951	99.837	100.000	100.000	100.000	99.864	100.000	100.000	100.000	99.876	100.000	100.000	100.000	100.000	99.959	100.000	100.000	100.000	100.000	100.000	100.000	100.000	99.245	100.000	100.000	100.000	99.865	100.000	
20	99.955	99.837	100.000	100.000	100.000	99.864	100.000	100.000	100.000	99.876	100.000	100.000	100.000	100.000	99.959	100.000	100.000	100.000	100.000	100.000	100.000	100.000	99.623	100.000	100.000	100.000	99.865	100.000	
Total	22336	613	180	76	599	1469	241	481	403	2413	107	93	205	1020	4893	274	299	1233	2575	407	961	580	265	377	123	868	742	839	
