46110    bash       1990   0    360   1871   0    0  1699  116    84    0  705    0  118   2   240
5176     bc         79     0    35    66     0    0  6     37     23    0  88     0  0     0   4
7676     bison      92     0    25    95     0    0  29    53     19    0  119    0  0     0   0
53431    cvs        1329   1    322   1219   2    0  379   634    253   0  710    0  43    2   124
40286    dejagnu    724    6    192   1153   0    0  260   774    186   0  675    0  1     4   66
134251   emacs      5740   1    856   3422   2    0  684   2179   820   0  1809   0  0     2   777
13289    flex       389    0    68    185    0    0  32    87     66    0  51     0  371   9   22
42498    fvwm       880    0    95    519    0    0  101   337    108   0  1150   0  147   3   15
98980    g77        2059   149  623   3014   154  0  2375  540    194   0  859    0  0     0   178
18554    gawk       663    0    137   445    0    0  125   232    107   0  173    0  154   3   27
324620   gcc        14494  4    1190  4562   9    0  1413  2413   1357  0  2189   2  1435  5   2098
8166     genscript  114    0    12    56     0    0  27    15     14    0  84     0  0     0   2
8897     ghostview  112    0    27    91     0    0  33    32     27    0  151    0  0     0   3
18538    gnuchess   296    3    120   495    0    0  118   324    53    0  157    0  0     0   8
29582    gnuplot    922    0    218   763    0    0  152   443    168   4  379    0  0     0   39
60054    groff      791    0    59    251    0    0  75    142    65    0  598    0  351   0   15
56378    gs         2380   0    118   371    0    0  115   172    89    0  1527   0  0     0   243
5774     gzip       495    0    65    287    0    0  66    143    80    0  117    0  0     0   23
10327    m4         373    0    73    238    0    0  67    117    56    0  93     0  0     1   25
79753    mosaic     2620   15   578   1516   0    0  215   1132   244   0  1243   0  0     0   52
57450    perl       3664   0    445   1150   0    0  206   705    240   0  298    0  283   18  70
18870    plan       252    0    66    216    1    0  31    116    72    0  601    0  0     0   5
62137    python     1636   1    212   1282   0    1  85    1003   215   0  705    0  0     9   74
22109    rasmol     668    0    121   323    0    0  31    244    48    0  255    0  0     2   2
11843    rcs        179    0    102   260    0    0  204   47     10    0  37     0  0     0   5
13130    remind     915    19   417   591    0    0  43    524    24    0  258    0  0     3   9
9653     workman    57     0    14    42     0    0  4     34     4     0  238    0  0     0   2
42020    xfig       897    3    37    139    0    0  20    83     36    0  814    0  0     0   1
29118    zephyr     834    0    179   769    0    0  204   431    243   0  796    0  0     0   31
35377    zsh        818    0    136   453    1    0  72    324    61    0  131    0  0     0   79
1364047  -          46462  202  6902  25844  169  1  8871  13433  4966  4  17010  2  2903  63  4239
