#	debug	portability_language_or_library	portability_language_macro	portability_system_macro	portability_feature	portability_machine	commenting	mi_prevention	redef_suppression	misc_system	other	mixed_categories	
bash	15	70	0	100	159	96	42	149	155	208	717	125	
bc	20	81	0	6	27	43	13	72	61	122	165	52	
bison	11	54	0	2	6	45	14	59	38	113	81	48	
cvs	31	105	0	30	149	69	48	133	133	173	496	96	
emacs	24	1100	0	215	354	672	226	189	610	215	1118	174	
flex	15	65	0	3	6	35	10	55	57	111	154	46	
fvwm	82	997	0	34	33	101	52	117	443	153	374	71	
gawk	53	89	0	13	19	94	18	87	75	147	175	70	
gcc	229	219	0	41	274	113	530	99	412	147	1585	86	
genscript	6	60	0	3	24	40	11	85	58	168	87	56	
ghostview	2	1093	0	29	9	109	16	138	468	165	220	78	
gnuchess	52	50	0	6	19	99	11	94	50	136	412	82	
gnuplot	4	121	0	9	8	333	14	83	97	143	334	118	
gs	224	1019	0	21	119	115	46	218	556	186	1126	118	
gzip	16	63	0	12	11	39	16	88	75	131	234	56	
m4	20	89	0	7	21	43	14	76	61	138	159	59	
mosaic	90	1343	0	107	66	199	61	217	1823	208	539	93	
perl	76	124	0	125	333	185	31	158	173	217	864	141	
plan	18	1183	0	79	6	155	27	123	1763	172	390	86	
python	37	176	0	5	111	75	20	157	95	182	227	68	
rasmol	0	628	0	24	3	86	13	98	60	170	348	71	
rcs	0	64	0	31	75	43	12	92	73	150	229	73	
remind	0	351	0	4	65	81	14	87	66	161	203	72	
workman	4	472	0	5	4	86	13	109	74	156	316	63	
xfig	2	1119	0	43	18	129	16	157	487	182	290	89	
zephyr	125	1173	0	27	138	111	161	172	477	198	449	128	
zsh	55	43	0	20	155	45	22	138	72	180	273	69	
