bash	55079	38111	6501
bc	11193	8026	1088
bison	10799	7260	609
cvs	56902	39273	7491
emacs	132929	89335	26124
flex	15475	10648	1885
fvwm	42953	32517	4280
gawk	21291	14963	3833
gcc	346395	235237	76137
genscript	11546	7969	1309
ghostview	11214	8762	559
gnuchess	15183	12532	2970
gnuplot	40800	30247	6131
gs	182933	127136	51028
gzip	8148	5186	1480
m4	15316	9386	2099
mosaic	82791	55194	8769
perl	69722	61090	36922
plan	30894	24439	2853
rasmol	21863	17845	4084
rcs	18444	12134	2812
remind	15611	11086	3386
workman	13486	9928	333
xfig	52400	41259	7602
zephyr	42008	28016	4916
zsh	47244	36298	6983
