No. defs	Total	command_line_arguments	constant	expression	mismatched_entities	null_define	reserved_word	statement	type	uncategorized	unknown_symbol	
1	86.098	60.000	89.165	83.867	44.156	84.272	78.733	79.412	70.545	64.126	96.832	
2	96.012	100.000	96.695	95.149	88.312	93.476	97.285	97.148	92.574	90.359	99.379	
3	98.011	100.000	98.616	97.471	88.312	96.157	98.643	98.574	95.050	94.843	99.689	
4	98.816	100.000	99.019	98.763	92.208	97.498	99.095	98.930	98.020	96.188	99.876	
5	99.331	100.000	99.742	99.107	92.208	98.123	99.095	99.465	98.515	96.861	99.876	
6	99.586	100.000	99.814	99.560	96.104	98.481	99.095	99.643	99.010	97.982	99.876	
7	99.672	100.000	99.876	99.629	97.403	98.838	99.095	99.911	99.010	97.982	99.876	
8	99.750	100.000	99.897	99.698	97.403	99.106	99.095	99.911	99.257	98.879	100.000	
9	99.759	100.000	99.897	99.698	98.701	99.196	99.095	99.911	99.257	98.879	100.000	
10	99.804	100.000	99.948	99.725	98.701	99.285	99.095	100.000	99.505	98.879	100.000	
11	99.822	100.000	99.948	99.739	98.701	99.464	99.095	100.000	99.752	98.879	100.000	
12	99.845	100.000	99.969	99.739	98.701	99.643	99.095	100.000	99.752	99.103	100.000	
13	99.877	100.000	99.979	99.808	100.000	99.643	99.095	100.000	99.752	99.103	100.000	
14	99.891	100.000	99.979	99.835	100.000	99.732	99.095	100.000	99.752	99.103	100.000	
15	99.918	100.000	99.979	99.890	100.000	99.732	99.095	100.000	99.752	99.552	100.000	
16	99.927	100.000	100.000	99.890	100.000	99.732	99.095	100.000	99.752	99.552	100.000	
17	99.936	100.000	100.000	99.890	100.000	99.821	99.095	100.000	99.752	99.776	100.000	
18	99.945	100.000	100.000	99.890	100.000	99.821	99.095	100.000	100.000	100.000	100.000	
19	99.950	100.000	100.000	99.890	100.000	99.911	99.095	100.000	100.000	100.000	100.000	
20	99.954	100.000	100.000	99.904	100.000	99.911	99.095	100.000	100.000	100.000	100.000	
Total	21968	10	9682	7277	77	1119	221	1122	404	446	1610	
