   0	bash	bc	bison	cvs	flex	fvwm	gawk	gcc	genscript	ghostview	gnuchess	gnuplot	gs	gzip	m4	mosaic	perl	plan	rasmol	rcs	remind	workman	xfig	zephyr	zsh
   0	31115	6495	6359	31511	8541	26319	10974	172788	6557	6738	9547	24397	82874	3646	6777	45058	34228	18673	13772	9386	8015	8545	32515	21921	28582
   1	5300	1138	537	5932	1402	4657	2175	27278	1033	980	2236	4381	14632	965	1025	5015	10685	3121	3445	1915	2125	996	3345	4444	5356
   2	1004	224	316	950	432	1129	624	19296	212	464	425	560	8370	328	510	3635	5370	1949	418	463	547	236	2441	795	1272
   3	254	27	18	262	81	156	202	8305	38	271	131	493	4069	85	97	585	3522	348	100	154	226	45	646	568	372
   4	101	4	4	250	36	61	151	2691	1	22	29	187	2237	62	89	219	1459	79	24	77	66	23	241	161	314
   5	103	25	3	70	14	55	152	933	10	15	52	35	1618	32	57	134	1463	31	27	47	19	62	62	45	138
   6	11	0	5	28	1	65	82	994	0	22	36	20	1157	13	41	53	984	28	3	29	50	1	507	9	45
   7	11	2	0	62	2	22	82	469	6	28	20	6	1584	0	55	2	528	5	4	32	5	1	50	32	27
   8	2		5	41	0	3	7	320		4	4	60	1098	0	30	1	719	1	0	4	1		10	3	35
   9	18			9	0	7	6	287			2		731	1	9	10	362	1	0	2	0		2	2	21
  10	9			16	0	1	6	94					662	4	3	6	337	1	0	1	0		1	9	3
  11	3			10	0	0	8	71					234		3	0	181		0	22	0		2	4	0
  12	2			6	1	0	6	9					300		4	1	240		1	0	0		2	0	0
  13	2			1	2	1	16	4					196		9	11	196			1	0		3	1	3
  14	0			1		1	16	19					162		8	5	169			1	0		894	0	
  15	1			1		1	3	5					193		3	3	53			0	0		162	0	
  16	11			2		1	13	12					141		7	3	30			0	1		14	1	
  17				3		0	4	1					252		7	1	53			1			8	9	
  18				3		2	7	81					95		7	3	43						5		
  19				4			20	18					127		4	3	6						3		
  20				1			2	6					75		1	0	6						10		
  21							1	6					58		1	1	3						0		
  22							1	0					27		0	0	2						1		
  23								14					30		0	1	2						2		
  24								1					39		0		19						7		
  25								2					27		0		8								
  26													33		1		1								
  27													19		5		5								
  28													19				1								
  29													46				11								
  30													41				1								
  31													42				1								
  32													30				3								
  33													37				8								
  34													10				0								
  35													3				0								
  36													0				0								
  37													0				4								
  38													3				18								
  39													5				9								
  40													5												
  41													2												
  42													0												
  43													1												
  44													7												
  45													0												
  46													0												
  47													0												
  48													0												
  49													0												
  50													0												
  51													0												
  52													0												
  53													0												
  54													0												
  55													0												
  56													0												
  57													0												
  58													0												
  59													0												
  60													0												
  61													0												
  62													0												
  63													0												
  64													0												
  65													0												
  66													0												
  67													0												
  68													0												
  69													0												
  70													0												
  71													1												
  72													1												
